0.000552, 0.001103, 0.001654, 0.002120, 0.005300, 0.009540, 0.000000, 0.000000
0.068137, 0.134436, 0.201838, 0.141095, 0.071489, 0.143215, -0.005629, 0.002322
0.232606, 0.252431, 0.401884, 0.314822, 0.205734, 0.276035, 0.014151, 0.012577
0.415997, 0.380084, 0.528389, 0.463049, 0.373268, 0.428907, 0.030283, 0.038798
0.492810, 0.446066, 0.533060, 0.541335, 0.491648, 0.573741, 0.029931, 0.034915
0.496384, 0.485046, 0.530521, 0.553831, 0.489825, 0.589186, 0.029692, 0.052570
0.479632, 0.477555, 0.514410, 0.565279, 0.509199, 0.623241, 0.036382, 0.073579
0.468780, 0.460794, 0.492305, 0.573087, 0.528044, 0.664787, 0.033670, 0.084832
0.459699, 0.450712, 0.473030, 0.578249, 0.533250, 0.686412, 0.046185, 0.086271
0.460722, 0.457501, 0.474502, 0.577099, 0.526230, 0.684071, 0.030375, 0.100774
0.445918, 0.438589, 0.450127, 0.587474, 0.547092, 0.715511, 0.066794, 0.107461
0.455601, 0.450775, 0.455178, 0.580004, 0.538092, 0.715696, 0.068243, 0.121500
0.450380, 0.442992, 0.437534, 0.586972, 0.552259, 0.743760, 0.073824, 0.126843
0.446915, 0.445243, 0.429532, 0.585973, 0.549239, 0.747479, 0.075081, 0.121469
0.445928, 0.453261, 0.437563, 0.584654, 0.541377, 0.736899, 0.076403, 0.130132
0.442462, 0.444895, 0.432023, 0.589119, 0.553344, 0.754081, 0.079260, 0.159165
0.431575, 0.421540, 0.394486, 0.597035, 0.580155, 0.803526, 0.102472, 0.187066
0.424618, 0.419819, 0.358727, 0.596558, 0.587934, 0.836356, 0.096768, 0.167036
0.416685, 0.447881, 0.373994, 0.588888, 0.557180, 0.795448, 0.090511, 0.195918
0.394093, 0.420557, 0.354728, 0.608048, 0.602238, 0.859387, 0.102424, 0.202285
0.393756, 0.417558, 0.353680, 0.596226, 0.584213, 0.844463, 0.131303, 0.204459
0.408238, 0.430271, 0.364644, 0.595880, 0.582619, 0.850858, 0.114627, 0.232200
0.391205, 0.403601, 0.319238, 0.609105, 0.613451, 0.900201, 0.126142, 0.223314
0.389198, 0.429953, 0.323323, 0.594720, 0.583197, 0.862322, 0.119184, 0.255352
0.361886, 0.409447, 0.294476, 0.615715, 0.631219, 0.935686, 0.126943, 0.248976
0.356211, 0.420787, 0.311222, 0.596974, 0.594483, 0.888988, 0.123086, 0.246804
0.355286, 0.410469, 0.327907, 0.608298, 0.610973, 0.910482, 0.142102, 0.283240
0.360284, 0.380838, 0.300628, 0.611487, 0.632930, 0.953893, 0.157725, 0.267702
0.379039, 0.411287, 0.298565, 0.595480, 0.595750, 0.907797, 0.142085, 0.307560
0.345793, 0.395973, 0.236408, 0.623647, 0.657823, 1.001181, 0.164893, 0.306881
0.325942, 0.439594, 0.250821, 0.596891, 0.610426, 0.942135, 0.154409, 0.311169
0.296315, 0.425861, 0.287107, 0.616553, 0.642733, 0.989263, 0.169077, 0.336527
0.303283, 0.373309, 0.313676, 0.610004, 0.641372, 0.995431, 0.161552, 0.334708
0.341024, 0.332766, 0.292609, 0.610762, 0.639347, 0.994250, 0.153932, 0.339176
0.361494, 0.344260, 0.211123, 0.614278, 0.646285, 1.002866, 0.201051, 0.364377
0.342834, 0.440961, 0.148755, 0.610329, 0.651002, 1.026429, 0.172238, 0.360139
0.239646, 0.505281, 0.175824, 0.611408, 0.645308, 1.015631, 0.194868, 0.369375
0.181582, 0.465140, 0.349657, 0.612350, 0.651631, 1.030521, 0.200213, 0.360978
0.264292, 0.280048, 0.488851, 0.605876, 0.635628, 1.008992, 0.209898, 0.386944
0.446813, 0.101959, 0.342842, 0.618082, 0.666256, 1.061001, 0.198760, 0.409354
0.541822, 0.210483, -0.084504, 0.613700, 0.664369, 1.061329, 0.220680, 0.431005
0.309176, 0.712912, -0.402006, 0.616300, 0.676454, 1.090857, 0.226135, 0.449563
-0.182126, 0.931534, 0.007283, 0.614271, 0.676036, 1.097804, 0.239831, 0.429076
-0.263811, 0.435426, 0.810939, 0.605351, 0.651136, 1.063655, 0.231882, 0.457528
0.200106, -0.370866, 0.999122, 0.625578, 0.695640, 1.131864, 0.233159, 0.428208
0.690878, -0.539119, 0.183045, 0.597561, 0.635920, 1.038334, 0.249547, 0.463772
0.725565, 0.123790, -0.737477, 0.631117, 0.709206, 1.158151, 0.255491, 0.462676
0.064596, 1.031316, -0.761796, 0.596282, 0.644223, 1.062927, 0.252815, 0.464157
-0.413522, 0.885315, 0.226814, 0.625668, 0.695713, 1.143579, 0.255247, 0.494259
-0.277279, 0.145500, 1.150430, 0.610282, 0.677513, 1.118064, 0.266073, 0.503514
0.375226, -0.679908, 0.841843, 0.618877, 0.695780, 1.153883, 0.284201, 0.513051
0.814499, -0.533734, -0.177033, 0.608875, 0.678842, 1.135683, 0.280253, 0.514028
0.596588, 0.462307, -1.036003, 0.616870, 0.691093, 1.155927, 0.297653, 0.528646
-0.179869, 1.185701, -0.528645, 0.611854, 0.686538, 1.154997, 0.293825, 0.533314
-0.490543, 0.734761, 0.574895, 0.615228, 0.692357, 1.165603, 0.296202, 0.540754
-0.112852, -0.218977, 1.320443, 0.613861, 0.691822, 1.166134, 0.284448, 0.556112
0.555595, -0.843371, 0.517696, 0.620172, 0.707701, 1.189105, 0.310024, 0.559542
0.860473, -0.303053, -0.564512, 0.609017, 0.689467, 1.169220, 0.322323, 0.560404
0.360488, 0.884304, -1.130992, 0.614886, 0.697905, 1.189465, 0.311533, 0.572205
-0.373531, 1.145764, -0.172815, 0.614980, 0.699527, 1.189611, 0.326437, 0.583856
-0.485957, 0.490168, 0.971919, 0.614927, 0.703911, 1.202212, 0.331848, 0.611969
0.115294, -0.639678, 1.268773, 0.618431, 0.717404, 1.229123, 0.320153, 0.588337
0.723801, -0.835950, 0.149630, 0.606838, 0.687623, 1.178285, 0.338235, 0.599626
0.820599, 0.056392, -0.936842, 0.622082, 0.719808, 1.235010, 0.343228, 0.608292
0.055443, 1.209136, -0.975112, 0.606508, 0.692348, 1.194171, 0.323789, 0.629487
-0.515377, 1.012327, 0.203221, 0.629003, 0.739240, 1.265377, 0.357422, 0.635132
-0.394864, 0.129342, 1.342183, 0.601048, 0.690767, 1.198450, 0.352187, 0.632408
0.358681, -0.896968, 0.932119, 0.624708, 0.730467, 1.264784, 0.373963, 0.637706
0.878583, -0.676889, -0.236393, 0.601589, 0.688519, 1.203185, 0.370301, 0.644740
0.673582, 0.511045, -1.242175, 0.624985, 0.731972, 1.275094, 0.371969, 0.656192
-0.217438, 1.326957, -0.620019, 0.604685, 0.697326, 1.218863, 0.368765, 0.675764
-0.585076, 0.809581, 0.621019, 0.628468, 0.747298, 1.301281, 0.394388, 0.674882
-0.183672, -0.330614, 1.523858, 0.597316, 0.688929, 1.215474, 0.382859, 0.687222
0.574623, -1.039961, 0.531242, 0.632158, 0.754619, 1.322172, 0.399840, 0.699419
0.948468, -0.370934, -0.682713, 0.597249, 0.693133, 1.226139, 0.403517, 0.705044
0.385038, 1.033539, -1.337927, 0.630479, 0.755470, 1.333366, 0.404109, 0.708327
-0.426581, 1.248886, -0.188959, 0.596823, 0.692167, 1.228659, 0.396553, 0.710535
-0.573908, 0.502027, 1.082717, 0.633013, 0.760584, 1.340066, 0.409277, 0.729082
0.097440, -0.815175, 1.393031, 0.598379, 0.701115, 1.245226, 0.429314, 0.732967
0.781283, -0.996063, 0.114283, 0.628084, 0.756973, 1.348477, 0.406621, 0.730055
0.892108, 0.065388, -1.096134, 0.598881, 0.698575, 1.243620, 0.430755, 0.733877
0.033426, 1.368706, -1.070019, 0.629170, 0.758343, 1.351002, 0.441520, 0.765720
-0.573342, 1.088134, 0.238850, 0.600805, 0.711018, 1.277576, 0.435673, 0.753299
-0.458433, 0.069952, 1.489334, 0.624230, 0.750424, 1.344447, 0.462679, 0.772218
0.381736, -1.104086, 0.993929, 0.602344, 0.713351, 1.291257, 0.426381, 0.771570
0.933546, -0.769679, -0.332580, 0.627471, 0.758727, 1.356357, 0.475588, 0.784717
0.733350, 0.630806, -1.409411, 0.598916, 0.710606, 1.291549, 0.468466, 0.794077
-0.265346, 1.458877, -0.652983, 0.627151, 0.762165, 1.380377, 0.464926, 0.790889
-0.644326, 0.834523, 0.694811, 0.597395, 0.704651, 1.281168, 0.470008, 0.800102
-0.216927, -0.476397, 1.681366, 0.631978, 0.773039, 1.398417, 0.484984, 0.802809
0.612047, -1.175522, 0.509044, 0.591027, 0.695527, 1.273548, 0.482565, 0.804356
1.011847, -0.365402, -0.779831, 0.635236, 0.777907, 1.413932, 0.468411, 0.832831
0.381269, 1.195491, -1.463425, 0.596497, 0.711810, 1.294760, 0.501715, 0.832079
-0.475271, 1.315779, -0.166548, 0.630435, 0.777783, 1.421066, 0.489075, 0.828601
-0.635762, 0.491895, 1.217061, 0.591300, 0.698765, 1.284024, 0.492634, 0.844485
0.106167, -0.992910, 1.458738, 0.641011, 0.798096, 1.453148, 0.506678, 0.843114
0.831483, -1.073653, 0.058626, 0.580959, 0.683364, 1.263582, 0.506604, 0.837495
0.956681, 0.131843, -1.211952, 0.645537, 0.803174, 1.469811, 0.527651, 0.840376
0.002919, 1.503449, -1.101518, 0.573343, 0.665695, 1.242207, 0.495828, 0.850272
-0.615125, 1.090288, 0.279971, 0.660090, 0.832541, 1.515901, 0.532382, 0.859807
-0.489457, 0.005194, 1.661567, 0.561482, 0.649714, 1.214954, 0.541264, 0.864393
0.405232, -1.225232, 0.956756, 0.667037, 0.849552, 1.564501, 0.506466, 0.877999
1.006903, -0.786781, -0.414489, 0.557071, 0.642628, 1.194305, 0.526891, 0.884606
0.741241, 0.746912, -1.521398, 0.680739, 0.886288, 1.618314, 0.534757, 0.902821
-0.316965, 1.549065, -0.637814, 0.540034, 0.618794, 1.163077, 0.549018, 0.888894
-0.693096, 0.833344, 0.787600, 0.692662, 0.908745, 1.669590, 0.550220, 0.893982
-0.209729, -0.621044, 1.783392, 0.523321, 0.583620, 1.108829, 0.556236, 0.900401
0.655518, -1.269370, 0.457715, 0.717960, 0.962691, 1.762514, 0.543334, 0.909505
1.071752, -0.332642, -0.894048, 0.501292, 0.549104, 1.043468, 0.553289, 0.923674
0.351761, 1.341511, -1.482302, 0.750932, 1.044461, 1.896405, 0.566543, 0.923796
-0.524814, 1.341436, -0.125188, 0.465393, 0.490811, 0.947717, 0.570393, 0.922169
-0.676751, 0.459745, 1.358769, 0.789185, 1.132149, 2.049055, 0.579247, 0.929719
0.138680, -1.130271, 1.456199, 0.429927, 0.431941, 0.845323, 0.589326, 0.919820
0.887293, -1.091626, -0.002195, 0.828264, 1.231792, 2.215236, 0.596737, 0.933916
1.008606, 0.221350, -1.327769, 0.394131, 0.374364, 0.746339, 0.596752, 0.930501
-0.045472, 1.601217, -1.083923, 0.871609, 1.354328, 2.411377, 0.612742, 0.939716
-0.653713, 1.107357, 0.359954, 0.357018, 0.317304, 0.647000, 0.603820, 0.946494
-0.499697, -0.107878, 1.779829, 0.914318, 1.491598, 2.626600, 0.598586, 0.936441
0.446590, -1.320865, 0.907912, 0.324149, 0.269031, 0.553754, 0.626903, 0.937113
1.064163, -0.735391, -0.478891, 0.933194, 1.583358, 2.761293, 0.605744, 0.958052
0.737770, 0.881058, -1.587500, 0.305644, 0.244779, 0.512626, 0.613109, 0.967034
-0.356839, 1.577551, -0.586506, 0.960127, 1.682441, 2.914285, 0.606714, 0.955145
-0.727061, 0.819308, 0.882613, 0.285869, 0.215597, 0.460761, 0.634131, 0.972040
-0.184177, -0.757612, 1.845979, 0.970960, 1.746387, 3.010121, 0.618450, 0.954787
0.694041, -1.294826, 0.393957, 0.273325, 0.196863, 0.431950, 0.629625, 0.964109
1.117076, -0.261848, -0.971080, 0.972240, 1.766996, 3.035931, 0.648233, 0.991769
0.317964, 1.466805, -1.465023, 0.269674, 0.193880, 0.435727, 0.648350, 0.995419
-0.563530, 1.347653, -0.075735, 0.989064, 1.809679, 3.121419, 0.634874, 0.977556
-0.689619, 0.412394, 1.469307, 0.262074, 0.181252, 0.408491, 0.632295, 0.965614
0.178634, -1.201752, 1.404615, 0.976063, 1.794294, 3.077130, 0.646809, 0.974673
0.943965, -1.096684, -0.062256, 0.264104, 0.184198, 0.418856, 0.671766, 0.983736
1.022079, 0.311761, -1.387532, 0.983069, 1.803760, 3.110024, 0.674329, 0.978926
-0.081100, 1.661092, -1.039555, 0.259542, 0.175152, 0.410242, 0.663390, 0.986290
-0.679665, 1.090779, 0.419289, 0.988096, 1.818917, 3.133093, 0.664925, 0.997290
-0.486835, -0.194825, 1.870870, 0.259155, 0.177149, 0.410428, 0.683331, 0.973719
0.486393, -1.352739, 0.849787, 0.978250, 1.793105, 3.094850, 0.685756, 0.978531
1.107671, -0.695525, -0.551447, 0.260153, 0.175066, 0.413818, 0.673003, 0.994363
0.711118, 0.991120, -1.592577, 0.992490, 1.825966, 3.150364, 0.681098, 0.977435
-0.379470, 1.557474, -0.519556, 0.255048, 0.167810, 0.398800, 0.682483, 1.016082
-0.754101, 0.820988, 0.990861, 1.005183, 1.878002, 3.232040, 0.687962, 0.996951
-0.145732, -0.842712, 1.810496, 0.247570, 0.158588, 0.384310, 0.697579, 1.002634
0.753766, -1.327007, 0.362997, 0.997685, 1.867417, 3.214763, 0.709564, 1.007213
1.143713, -0.208949, -1.033211, 0.247931, 0.158546, 0.391003, 0.722364, 0.996760
0.284715, 1.509695, -1.402649, 0.993589, 1.843454, 3.187901, 0.697335, 0.996205
-0.571817, 1.323743, -0.027103, 0.251633, 0.163066, 0.395024, 0.724016, 0.998494
-0.666967, 0.382253, 1.553987, 0.993434, 1.842119, 3.184040, 0.702326, 0.999461
0.216078, -1.256271, 1.352552, 0.251673, 0.163173, 0.396701, 0.709272, 0.991899
0.982664, -1.059677, -0.110382, 0.990853, 1.832073, 3.165669, 0.713436, 0.991110
1.009670, 0.389506, -1.421656, 0.251851, 0.161914, 0.398119, 0.734346, 1.008388
-0.112142, 1.703622, -0.995650, 0.999463, 1.852623, 3.207772, 0.711359, 1.005770
-0.688670, 1.061276, 0.471895, 0.249382, 0.159482, 0.392256, 0.741962, 1.004858
-0.437678, -0.251773, 1.921716, 0.996934, 1.851666, 3.205339, 0.748738, 0.984916
0.521769, -1.354089, 0.778847, 0.245087, 0.148512, 0.384862, 0.734045, 1.002275
1.145580, -0.642731, -0.620606, 1.000029, 1.855558, 3.211332, 0.744430, 0.988228
0.666121, 1.073767, -1.554212, 0.245070, 0.149179, 0.384444, 0.739356, 1.013049
-0.412257, 1.581365, -0.478070, 1.005484, 1.873750, 3.242141, 0.757215, 1.003074
-0.726034, 0.771215, 1.043264, 0.242089, 0.145304, 0.380976, 0.758659, 1.001525
-0.082680, -0.894941, 1.801027, 0.998497, 1.852781, 3.213080, 0.771628, 0.996927
0.787983, -1.287504, 0.296192, 0.243558, 0.145352, 0.385729, 0.767703, 0.985172
1.140532, -0.115064, -1.068662, 0.989521, 1.816451, 3.158365, 0.766866, 0.989535
0.236289, 1.554442, -1.351746, 0.249034, 0.152530, 0.397316, 0.771010, 1.001336
-0.579321, 1.301393, 0.041889, 0.997524, 1.830946, 3.186957, 0.774668, 0.982282
-0.619534, 0.317050, 1.600389, 0.245478, 0.145865, 0.387332, 0.766007, 0.982296
0.277823, -1.254564, 1.278771, 0.988429, 1.810034, 3.146370, 0.771442, 0.986212
1.023532, -1.007021, -0.177362, 0.249529, 0.152612, 0.399005, 0.789154, 0.980711
0.985464, 0.496445, -1.434771, 0.984861, 1.789203, 3.123077, 0.782685, 0.982959
-0.145415, 1.676708, -0.912119, 0.251381, 0.153323, 0.403621, 0.788676, 0.989269
-0.674955, 1.039359, 0.548893, 0.990427, 1.798342, 3.140960, 0.788762, 0.977771
-0.365501, -0.314691, 1.896349, 0.248970, 0.148704, 0.396884, 0.813115, 0.983138
0.576272, -1.352301, 0.723587, 0.986673, 1.789597, 3.129210, 0.795818, 0.975161
1.147535, -0.551568, -0.667116, 0.249546, 0.148463, 0.398937, 0.803464, 0.983338
0.626133, 1.168579, -1.539279, 0.987907, 1.789466, 3.128501, 0.817383, 0.968059
-0.408457, 1.499225, -0.378835, 0.247404, 0.142822, 0.395734, 0.803712, 0.956975
-0.675638, 0.729188, 1.113627, 0.975010, 1.746429, 3.058112, 0.796535, 0.951820
-0.000897, -0.894313, 1.695390, 0.255108, 0.153762, 0.409894, 0.829788, 0.957864
0.838311, -1.225072, 0.238277, 0.971497, 1.727246, 3.034881, 0.817839, 0.951190
1.124946, -0.021125, -1.107459, 0.256289, 0.152840, 0.415105, 0.833548, 0.962061
0.192610, 1.579474, -1.272484, 0.975105, 1.726635, 3.039943, 0.824160, 0.946903
-0.557085, 1.229191, 0.116714, 0.255381, 0.150124, 0.411817, 0.816267, 0.958587
-0.555435, 0.259741, 1.653994, 0.975126, 1.728237, 3.036607, 0.836749, 0.947371
0.340720, -1.219497, 1.172363, 0.254361, 0.147934, 0.412146, 0.849313, 0.949048
1.065406, -0.915178, -0.235621, 0.968857, 1.703146, 3.005721, 0.825122, 0.940933
0.931571, 0.593561, -1.439941, 0.258785, 0.153796, 0.419258, 0.829351, 0.949578
-0.174254, 1.647567, -0.815781, 0.968817, 1.701398, 2.998069, 0.843300, 0.931980
-0.634753, 0.979731, 0.617622, 0.257202, 0.149129, 0.417213, 0.845328, 0.934234
-0.265277, -0.358860, 1.867094, 0.961297, 1.672804, 2.955983, 0.849118, 0.930576
0.621371, -1.275879, 0.619619, 0.261509, 0.153976, 0.428478, 0.852597, 0.920591
1.155364, -0.426929, -0.715921, 0.952680, 1.635143, 2.901012, 0.846197, 0.920705
0.547180, 1.225795, -1.468162, 0.267638, 0.161069, 0.441226, 0.851723, 0.906971
-0.406723, 1.423184, -0.270115, 0.943762, 1.598488, 2.843900, 0.848277, 0.897599
-0.603729, 0.664844, 1.181434, 0.272540, 0.164521, 0.449763, 0.865812, 0.914360
0.098241, -0.903817, 1.594224, 0.946978, 1.597572, 2.848303, 0.873403, 0.898087
0.881069, -1.119113, 0.152139, 0.270519, 0.158638, 0.447192, 0.860855, 0.894529
1.094241, 0.111318, -1.143342, 0.939007, 1.567397, 2.798678, 0.882286, 0.873187
0.132717, 1.536209, -1.124215, 0.273734, 0.158804, 0.452422, 0.865151, 0.906314
-0.546798, 1.199841, 0.209956, 0.946448, 1.579513, 2.821811, 0.872577, 0.883267
-0.443837, 0.185635, 1.635030, 0.272813, 0.159739, 0.449309, 0.878901, 0.877898
0.421948, -1.142121, 1.053772, 0.928862, 1.532944, 2.745047, 0.895388, 0.854860
1.077815, -0.759954, -0.291980, 0.277961, 0.160246, 0.461660, 0.881169, 0.883705
0.876310, 0.719666, -1.430525, 0.933957, 1.526868, 2.743129, 0.886428, 0.861107
-0.189381, 1.539163, -0.660988, 0.280100, 0.164380, 0.464813, 0.893998, 0.863775
-0.579075, 0.938203, 0.713159, 0.920596, 1.488002, 2.681106, 0.911125, 0.839550
-0.123537, -0.365155, 1.739055, 0.284325, 0.163815, 0.475431, 0.899020, 0.846818
0.691922, -1.153150, 0.523502, 0.913196, 1.445729, 2.619164, 0.876001, 0.821823
1.125700, -0.272108, -0.755922, 0.294385, 0.178286, 0.490647, 0.899332, 0.821420
0.466794, 1.266920, -1.333058, 0.894283, 1.390174, 2.525256, 0.902435, 0.812399
-0.380211, 1.321114, -0.141903, 0.304108, 0.186669, 0.519168, 0.891578, 0.821960
-0.496548, 0.596298, 1.236350, 0.893755, 1.361084, 2.490852, 0.912805, 0.802750
0.224586, -0.802509, 1.399868, 0.308633, 0.188376, 0.526505, 0.924571, 0.789660
0.942339, -0.943126, 0.084008, 0.875040, 1.292912, 2.388794, 0.933597, 0.800801
1.046432, 0.264149, -1.137362, 0.323318, 0.203408, 0.565300, 0.911644, 0.786656
0.081936, 1.484666, -0.967974, 0.869447, 1.250291, 2.331172, 0.923448, 0.798469
-0.480559, 1.111788, 0.321029, 0.334605, 0.217900, 0.588732, 0.922458, 0.773691
-0.273333, 0.136646, 1.573115, 0.855979, 1.203973, 2.262103, 0.926626, 0.780280
0.520284, -0.994917, 0.893112, 0.344900, 0.226729, 0.609499, 0.920667, 0.759011
1.102020, -0.571623, -0.366344, 0.845378, 1.161224, 2.195073, 0.951178, 0.769148
0.773532, 0.850981, -1.315384, 0.354007, 0.232364, 0.632127, 0.928143, 0.755191
-0.191945, 1.427582, -0.482664, 0.840814, 1.129308, 2.153300, 0.917896, 0.742532
-0.466303, 0.847134, 0.796681, 0.362604, 0.241808, 0.637965, 0.934453, 0.747949
0.037241, -0.357078, 1.578971, 0.832706, 1.112776, 2.119613, 0.930994, 0.737641
0.770004, -0.962858, 0.414621, 0.366503, 0.244780, 0.650424, 0.927373, 0.732742
1.111930, -0.083341, -0.796123, 0.824488, 1.080223, 2.068979, 0.921410, 0.710476
0.367253, 1.269606, -1.136670, 0.374089, 0.249815, 0.658468, 0.924837, 0.713665
-0.344789, 1.226222, 0.007177, 0.813732, 1.046744, 2.008930, 0.925766, 0.693143
-0.321836, 0.504591, 1.242409, 0.382868, 0.257378, 0.676472, 0.949224, 0.698704
0.373395, -0.675450, 1.187101, 0.801457, 1.001110, 1.944976, 0.934219, 0.690960
1.004180, -0.721476, -0.012792, 0.396865, 0.271693, 0.708194, 0.966896, 0.672210
0.946757, 0.462587, -1.061993, 0.780746, 0.930160, 1.840165, 0.946468, 0.696943
0.040450, 1.435188, -0.760318, 0.422298, 0.302171, 0.771156, 0.957493, 0.677455
-0.388197, 0.992719, 0.444290, 0.766125, 0.884166, 1.773442, 0.959492, 0.647550
-0.056610, 0.112019, 1.473209, 0.430726, 0.295364, 0.770030, 0.960998, 0.638828
0.633327, -0.729652, 0.701337, 0.754217, 0.834309, 1.683829, 0.947448, 0.648310
1.123515, -0.287174, -0.421102, 0.453459, 0.329360, 0.823931, 0.960003, 0.620857
0.627751, 0.961338, -1.088639, 0.727269, 0.770434, 1.582760, 0.954658, 0.636108
-0.167280, 1.307344, -0.250473, 0.478767, 0.356863, 0.879757, 0.952294, 0.610653
-0.291329, 0.734809, 0.885978, 0.707208, 0.718673, 1.497948, 0.972366, 0.599556
0.271499, -0.247248, 1.314328, 0.494369, 0.361909, 0.898872, 0.973649, 0.591628
0.876992, -0.611684, 0.307550, 0.695287, 0.675925, 1.430937, 0.972821, 0.576496
1.042587, 0.226461, -0.709328, 0.510130, 0.373701, 0.918620, 0.954000, 0.586314
0.300129, 1.256250, -0.832227, 0.688249, 0.663550, 1.396759, 0.990568, 0.560220
-0.221084, 1.075497, 0.208064, 0.512544, 0.371625, 0.920839, 0.973006, 0.560579
-0.052392, 0.443376, 1.199324, 0.678357, 0.627134, 1.343278, 0.961125, 0.552044
0.547711, -0.398980, 0.895497, 0.531208, 0.397803, 0.951165, 0.971257, 0.551153
1.060193, -0.285900, -0.047464, 0.660940, 0.600021, 1.291431, 0.980323, 0.520685
0.813529, 0.704470, -0.812226, 0.536629, 0.391030, 0.948666, 0.960510, 0.538809
0.065058, 1.275290, -0.394067, 0.661168, 0.591673, 1.268918, 0.971778, 0.521260
-0.178580, 0.873203, 0.596396, 0.542817, 0.404937, 0.963097, 0.972926, 0.490179
0.239857, 0.167915, 1.219722, 0.635834, 0.529049, 1.168634, 0.982147, 0.495955
0.772057, -0.319197, 0.545640, 0.568591, 0.427060, 0.998446, 0.977928, 0.471945
1.050801, 0.183335, -0.264641, 0.617690, 0.490748, 1.098921, 0.985752, 0.476361
0.559217, 1.023350, -0.617463, 0.584175, 0.442868, 1.018412, 0.981681, 0.450011
0.022739, 1.097104, 0.071585, 0.602272, 0.458878, 1.041336, 0.972824, 0.461456
0.057069, 0.666957, 0.877907, 0.598558, 0.462437, 1.037560, 0.976274, 0.460025
0.514043, 0.032605, 0.939799, 0.596429, 0.462540, 1.039196, 0.984399, 0.424329
0.939477, -0.005872, 0.311894, 0.584185, 0.424723, 0.981779, 0.989131, 0.424236
0.892468, 0.580616, -0.297763, 0.603794, 0.450741, 1.015283, 0.992547, 0.419187
0.399163, 1.093828, -0.225139, 0.588917, 0.430072, 0.978607, 1.000669, 0.412253
0.124656, 0.929181, 0.408868, 0.596855, 0.438252, 0.991910, 1.001235, 0.389050
0.357977, 0.523015, 0.917924, 0.585035, 0.409006, 0.942529, 0.976521, 0.396600
0.703271, 0.156629, 0.635831, 0.604736, 0.448529, 0.987030, 1.003534, 0.400002
0.932893, 0.365313, 0.160239, 0.584424, 0.424503, 0.957752, 0.989593, 0.362497
0.707011, 0.827697, -0.069625, 0.584260, 0.402785, 0.921474, 0.980000, 0.354986
0.398654, 0.956485, 0.203738, 0.593657, 0.415743, 0.922775, 0.989756, 0.339987
0.394329, 0.755036, 0.626253, 0.582123, 0.399704, 0.889400, 1.008572, 0.333231
0.617248, 0.493156, 0.711893, 0.585824, 0.402291, 0.892077, 0.996319, 0.331430
0.783018, 0.450918, 0.465163, 0.585069, 0.403572, 0.887855, 0.994407, 0.324757
0.778624, 0.652627, 0.270269, 0.582252, 0.399795, 0.878318, 1.005993, 0.304164
0.645454, 0.806752, 0.313939, 0.575637, 0.378545, 0.843759, 0.981961, 0.304490
0.564950, 0.756454, 0.459821, 0.587298, 0.401958, 0.860763, 0.994383, 0.290382
0.634024, 0.674507, 0.581954, 0.570811, 0.378864, 0.822903, 0.987520, 0.293342
0.692288, 0.597396, 0.520174, 0.582021, 0.400101, 0.848050, 0.993752, 0.275650
0.737662, 0.659569, 0.479583, 0.565889, 0.369414, 0.802670, 0.999078, 0.275509
0.696812, 0.687623, 0.446275, 0.578121, 0.385788, 0.819095, 0.992609, 0.268828
0.681442, 0.710841, 0.487094, 0.569446, 0.375686, 0.797893, 1.004203, 0.220928
0.704536, 0.719341, 0.584877, 0.553798, 0.326282, 0.712914, 0.990491, 0.227783
0.698672, 0.653670, 0.561352, 0.575597, 0.374141, 0.742465, 0.995858, 0.236015
0.729474, 0.665088, 0.548225, 0.558494, 0.380366, 0.748445, 1.008685, 0.205899
0.738554, 0.699532, 0.575542, 0.541335, 0.336121, 0.697858, 1.015210, 0.206081
0.724219, 0.683019, 0.575474, 0.557308, 0.350128, 0.704875, 0.993583, 0.204133
0.727365, 0.681548, 0.580062, 0.553289, 0.356396, 0.696645, 0.984575, 0.183851
0.734595, 0.693919, 0.605725, 0.541292, 0.340033, 0.661202, 1.005840, 0.182448
0.737051, 0.684443, 0.611959, 0.542115, 0.347014, 0.660066, 0.992868, 0.169273
0.743267, 0.690366, 0.625440, 0.533887, 0.336786, 0.635711, 1.011032, 0.162305
0.749623, 0.692213, 0.638577, 0.530496, 0.333072, 0.620223, 0.991573, 0.139285
0.752383, 0.701616, 0.662799, 0.521170, 0.315916, 0.574700, 0.996359, 0.133393
0.752376, 0.695106, 0.671238, 0.518135, 0.327131, 0.558756, 0.988392, 0.110882
0.763002, 0.710137, 0.701874, 0.499019, 0.311388, 0.512709, 1.016230, 0.117339
0.760790, 0.693594, 0.693566, 0.495005, 0.332503, 0.523015, 0.984664, 0.110167
0.761254, 0.699643, 0.695597, 0.484335, 0.329913, 0.523447, 1.003420, 0.096718
0.770919, 0.713889, 0.721469, 0.475846, 0.302501, 0.494132, 1.003376, 0.079655
0.770661, 0.716637, 0.739177, 0.473682, 0.283991, 0.443977, 0.996706, 0.094380
0.760088, 0.693797, 0.713725, 0.477519, 0.331417, 0.464827, 0.985029, 0.071210
0.778535, 0.726592, 0.752449, 0.447654, 0.305314, 0.429674, 1.012446, 0.055794
0.776835, 0.725904, 0.769295, 0.434416, 0.279865, 0.385693, 0.993772, 0.058652
0.769326, 0.713251, 0.757869, 0.433591, 0.301821, 0.381512, 0.995189, 0.027929
0.790206, 0.748929, 0.808485, 0.403392, 0.264983, 0.309435, 0.998777, 0.023976
0.773247, 0.729068, 0.795839, 0.384510, 0.277336, 0.271941, 0.990870, -0.003652
0.793946, 0.762395, 0.843240, 0.339910, 0.255268, 0.197823, 1.000110, 0.000620
0.775869, 0.737452, 0.819936, 0.300627, 0.280479, 0.186917, 0.996445, -0.019880
0.797455, 0.769422, 0.861198, 0.250989, 0.247020, 0.159514, 1.009485, -0.022822
0.784349, 0.754653, 0.849295, 0.227915, 0.217556, 0.146158, 0.995899, -0.045665
0.798731, 0.782079, 0.885561, 0.212174, 0.157567, 0.067770, 0.984632, -0.057294
0.785628, 0.775221, 0.881609, 0.184064, 0.143182, -0.043561, 0.998556, -0.063966
0.797219, 0.787250, 0.900303, 0.099679, 0.176416, -0.130413, 0.995735, -0.080261
0.795831, 0.794710, 0.911462, -0.037997, 0.168754, -0.163038, 1.010742, -0.061194
0.788145, 0.773102, 0.886604, -0.131829, 0.135640, -0.039279, 0.988203, -0.091172
0.805958, 0.811679, 0.932117, -0.113940, -0.085407, -0.019241, 0.994079, -0.108233
0.794997, 0.808543, 0.933138, 0.020008, -0.266212, -0.218846, 0.987889, -0.115142
0.798872, 0.815783, 0.943080, 0.066868, -0.168351, -0.542743, 0.998967, -0.129127
0.804012, 0.827261, 0.959076, -0.144186, 0.083911, -0.655157, 0.993745, -0.131537
0.797360, 0.821939, 0.952649, -0.409136, 0.151293, -0.429349, 1.002102, -0.153944
0.812962, 0.849457, 0.987828, -0.484679, -0.098740, -0.232634, 0.981495, -0.157888
0.794106, 0.834328, 0.967739, -0.319306, -0.399813, -0.256148, 0.994053, -0.175885
0.815396, 0.864693, 1.006395, -0.115354, -0.481460, -0.558432, 0.989491, -0.182265
0.799687, 0.852337, 0.990352, -0.123200, -0.229785, -0.782101, 0.967502, -0.183141
0.802539, 0.858245, 0.996069, -0.320651, -0.020052, -0.702563, 1.004557, -0.194755
0.814407, 0.872523, 1.016347, -0.474806, -0.055996, -0.535779, 1.007686, -0.212604
0.814237, 0.881937, 1.026931, -0.475383, -0.257971, -0.480802, 0.990486, -0.218757
0.808553, 0.881291, 1.023986, -0.366406, -0.396199, -0.573497, 0.975378, -0.214475
0.804398, 0.876231, 1.016878, -0.291594, -0.345842, -0.689262, 0.966751, -0.235285
0.814502, 0.899698, 1.043907, -0.333705, -0.261008, -0.770767, 0.988653, -0.239908
0.810226, 0.894669, 1.038177, -0.404741, -0.196757, -0.718372, 0.971358, -0.276221
0.824900, 0.932644, 1.080408, -0.462421, -0.282343, -0.745035, 0.978195, -0.243109
0.793479, 0.879231, 1.016743, -0.425805, -0.269810, -0.655198, 0.981429, -0.288967
0.843179, 0.957784, 1.111357, -0.427284, -0.371208, -0.786905, 0.981746, -0.299751
0.805346, 0.922463, 1.062516, -0.406794, -0.332403, -0.807861, 0.975803, -0.303470
0.828219, 0.949593, 1.095732, -0.424818, -0.308990, -0.817733, 0.975043, -0.297356
0.809700, 0.926338, 1.067244, -0.438301, -0.293695, -0.786580, 0.970527, -0.323111
0.833301, 0.966513, 1.113638, -0.455447, -0.345135, -0.836238, 0.956275, -0.314306
0.805184, 0.932388, 1.069799, -0.438830, -0.328435, -0.806422, 0.959332, -0.333928
0.834376, 0.974494, 1.120264, -0.447333, -0.360339, -0.861461, 0.983317, -0.347083
0.822784, 0.965601, 1.106937, -0.443683, -0.344914, -0.866512, 0.972239, -0.361418
0.832864, 0.985448, 1.128161, -0.456721, -0.357222, -0.894533, 0.977828, -0.361168
0.824262, 0.974755, 1.114279, -0.455346, -0.344289, -0.876609, 0.963346, -0.377552
0.834493, 0.996466, 1.137661, -0.466880, -0.375290, -0.915809, 0.963221, -0.378655
0.824443, 0.985416, 1.122282, -0.458361, -0.362956, -0.899682, 0.963826, -0.379220
0.831618, 0.993521, 1.132765, -0.461387, -0.368241, -0.910751, 0.947884, -0.409487
0.836728, 1.016884, 1.154448, -0.472880, -0.402816, -0.964211, 0.955508, -0.426403
0.836366, 1.023196, 1.156696, -0.467799, -0.395730, -0.965985, 0.949625, -0.422766
0.831884, 1.016360, 1.148658, -0.469231, -0.390241, -0.962200, 0.942559, -0.449112
0.845724, 1.046258, 1.179685, -0.481644, -0.422299, -1.010706, 0.958575, -0.457785
0.839005, 1.040042, 1.168692, -0.472784, -0.404804, -0.993561, 0.957787, -0.455477
0.842292, 1.042383, 1.172869, -0.477746, -0.408014, -1.002817, 0.944375, -0.470036
0.844100, 1.053419, 1.182133, -0.483418, -0.423632, -1.022344, 0.954771, -0.485399
0.848993, 1.064622, 1.191565, -0.482293, -0.427692, -1.033896, 0.949685, -0.487983
0.844338, 1.060462, 1.185269, -0.481787, -0.425501, -1.033593, 0.946035, -0.492777
0.848520, 1.067892, 1.193104, -0.484527, -0.431286, -1.042555, 0.955555, -0.507269
0.853362, 1.079091, 1.203318, -0.486556, -0.438458, -1.058851, 0.936189, -0.510087
0.845728, 1.073284, 1.193757, -0.486347, -0.439494, -1.055938, 0.944691, -0.517907
0.855261, 1.086720, 1.208733, -0.487772, -0.446178, -1.069381, 0.939405, -0.544730
0.859105, 1.104205, 1.222247, -0.494263, -0.467204, -1.105115, 0.928433, -0.535531
0.846380, 1.084804, 1.199020, -0.483988, -0.444458, -1.066451, 0.925451, -0.555127
0.864817, 1.116153, 1.233426, -0.499109, -0.483211, -1.128181, 0.911248, -0.557909
0.847664, 1.097908, 1.207355, -0.486229, -0.460434, -1.086533, 0.928902, -0.558584
0.862935, 1.113667, 1.228576, -0.493332, -0.475397, -1.119190, 0.928635, -0.580243
0.862854, 1.123789, 1.234328, -0.494200, -0.478705, -1.127911, 0.921401, -0.605706
0.869969, 1.143237, 1.249082, -0.501200, -0.499929, -1.161880, 0.917873, -0.585534
0.852856, 1.112360, 1.216950, -0.486644, -0.465528, -1.104465, 0.921802, -0.590566
0.870611, 1.136559, 1.247161, -0.501613, -0.497758, -1.158979, 0.917374, -0.623861
0.871155, 1.152570, 1.254222, -0.499148, -0.501622, -1.163570, 0.937194, -0.618416
0.868542, 1.142041, 1.243775, -0.493762, -0.487154, -1.150934, 0.916031, -0.601329
0.861149, 1.128739, 1.233590, -0.496042, -0.484448, -1.140402, 0.906147, -0.632130
0.878503, 1.165550, 1.267681, -0.508083, -0.522514, -1.194477, 0.919698, -0.628819
0.863615, 1.142098, 1.238838, -0.489939, -0.486940, -1.141190, 0.902104, -0.643359
0.879203, 1.169301, 1.269317, -0.510160, -0.533215, -1.215179, 0.906763, -0.653646
0.871178, 1.162717, 1.255353, -0.493357, -0.501561, -1.162262, 0.926916, -0.674418
0.889893, 1.190599, 1.285226, -0.510826, -0.540980, -1.240304, 0.892358, -0.662668
0.864078, 1.157148, 1.245821, -0.492959, -0.499881, -1.158139, 0.899788, -0.690490
0.896142, 1.207515, 1.299373, -0.518976, -0.567347, -1.271448, 0.885565, -0.698515
0.872147, 1.180959, 1.260983, -0.492657, -0.516160, -1.179101, 0.883441, -0.707482
0.892433, 1.208403, 1.294181, -0.517913, -0.575678, -1.281460, 0.894940, -0.707698
0.879687, 1.191406, 1.271788, -0.490435, -0.514868, -1.182732, 0.904666, -0.702464
0.888921, 1.199142, 1.285674, -0.514443, -0.561151, -1.269967, 0.874939, -0.731850
0.890563, 1.217569, 1.294812, -0.504605, -0.546873, -1.229684, 0.887126, -0.723509
0.884282, 1.201610, 1.278556, -0.508351, -0.559007, -1.254678, 0.889244, -0.722986
0.891471, 1.210890, 1.292480, -0.502117, -0.543379, -1.231117, 0.875404, -0.719796
0.881724, 1.199763, 1.277562, -0.509394, -0.558530, -1.251654, 0.870045, -0.744362
0.898398, 1.230486, 1.306473, -0.510365, -0.569555, -1.264684, 0.882710, -0.746686
0.888026, 1.214816, 1.285841, -0.504820, -0.559649, -1.254264, 0.858299, -0.767144
0.901452, 1.241799, 1.312600, -0.516736, -0.590361, -1.297867, 0.850601, -0.762830
0.886043, 1.219998, 1.285071, -0.502890, -0.564727, -1.247888, 0.860658, -0.763233
0.900037, 1.236277, 1.307935, -0.513873, -0.590503, -1.297803, 0.870220, -0.802242
0.909166, 1.262573, 1.322310, -0.510969, -0.588954, -1.298969, 0.867944, -0.780729
0.890905, 1.226722, 1.289420, -0.505720, -0.571696, -1.271787, 0.868715, -0.799021
0.914847, 1.266560, 1.332232, -0.518579, -0.602153, -1.323530, 0.846231, -0.817302
0.899456, 1.254916, 1.305856, -0.511323, -0.593518, -1.296174, 0.848617, -0.803144
0.904121, 1.251635, 1.312508, -0.512231, -0.597973, -1.305119, 0.854459, -0.828211
0.914278, 1.276325, 1.330104, -0.515905, -0.610231, -1.328727, 0.833415, -0.804699
0.891119, 1.236954, 1.291859, -0.505894, -0.584979, -1.277578, 0.833294, -0.814036
0.913296, 1.271159, 1.331177, -0.520927, -0.623143, -1.341246, 0.828842, -0.841125
0.907019, 1.273096, 1.317806, -0.510458, -0.607256, -1.309566, 0.840894, -0.844799
0.915022, 1.278399, 1.327938, -0.517752, -0.625040, -1.347750, 0.832522, -0.854814
0.913449, 1.282089, 1.327032, -0.511976, -0.612111, -1.322338, 0.845752, -0.848309
0.912959, 1.276052, 1.323555, -0.515368, -0.618105, -1.339213, 0.858443, -0.877094
0.929668, 1.307440, 1.349650, -0.517962, -0.625367, -1.357157, 0.818283, -0.860078
0.902144, 1.266850, 1.306780, -0.513801, -0.615056, -1.322529, 0.833742, -0.859830
0.924870, 1.295879, 1.344934, -0.518694, -0.631125, -1.353804, 0.824835, -0.890589
0.920077, 1.302788, 1.334333, -0.519136, -0.637908, -1.361379, 0.822935, -0.860014
0.908916, 1.271874, 1.316122, -0.508674, -0.611002, -1.315653, 0.810699, -0.880600
0.925954, 1.308191, 1.348861, -0.528198, -0.659144, -1.392912, 0.781919, -0.897813
0.913524, 1.297585, 1.324444, -0.512858, -0.633650, -1.331610, 0.804462, -0.894264
0.925322, 1.305262, 1.341928, -0.523152, -0.661520, -1.390534, 0.798407, -0.897794
0.918467, 1.301144, 1.332300, -0.510058, -0.629240, -1.333847, 0.814198, -0.910856
0.931154, 1.318684, 1.349240, -0.527378, -0.669270, -1.410870, 0.792002, -0.899011
0.913633, 1.293061, 1.323318, -0.506756, -0.620054, -1.315258, 0.795275, -0.912866
0.932823, 1.323644, 1.354958, -0.534906, -0.689537, -1.436185, 0.776678, -0.921125
0.918652, 1.308419, 1.329488, -0.505008, -0.625646, -1.314115, 0.768929, -0.919239
0.927067, 1.316798, 1.345267, -0.537547, -0.704015, -1.448470, 0.774013, -0.939566
0.930618, 1.329774, 1.347667, -0.503793, -0.631709, -1.321162, 0.772279, -0.932504
0.924616, 1.315222, 1.336806, -0.537571, -0.708159, -1.458035, 0.770562, -0.923956
0.925814, 1.316343, 1.342562, -0.498327, -0.616470, -1.294987, 0.779399, -0.935976
0.930900, 1.327632, 1.347909, -0.545450, -0.726515, -1.492593, 0.766076, -0.950677
0.931787, 1.332063, 1.347520, -0.495999, -0.615774, -1.289440, 0.757623, -0.930197
0.920711, 1.309818, 1.332268, -0.547116, -0.733135, -1.494369, 0.738118, -0.967479
0.942207, 1.355797, 1.367692, -0.500825, -0.634795, -1.307377, 0.755219, -0.964344
0.926213, 1.325400, 1.332295, -0.547952, -0.747824, -1.515066, 0.749605, -0.966201
0.941064, 1.345883, 1.363022, -0.492528, -0.617856, -1.284230, 0.743650, -0.970315
0.929294, 1.334984, 1.340507, -0.558920, -0.773204, -1.555692, 0.758326, -0.950749
0.931979, 1.327214, 1.346989, -0.477179, -0.582546, -1.224651, 0.737380, -0.981007
0.940570, 1.355957, 1.361332, -0.581261, -0.829431, -1.649538, 0.735638, -0.952143
0.919440, 1.312162, 1.325279, -0.456309, -0.541932, -1.138287, 0.734788, -0.950232
0.935699, 1.338352, 1.359516, -0.596138, -0.873029, -1.720025, 0.725825, -0.968013
0.927920, 1.336105, 1.340538, -0.442969, -0.519708, -1.090856, 0.733974, -0.966998
0.935331, 1.338580, 1.351709, -0.614128, -0.929334, -1.812983, 0.729567, -0.955869
0.925144, 1.325256, 1.338383, -0.419006, -0.470810, -1.003080, 0.710705, -0.966695
0.933356, 1.342051, 1.353073, -0.643896, -1.017574, -1.947376, 0.725016, -0.961710
0.926700, 1.328574, 1.338404, -0.390755, -0.421451, -0.905619, 0.715811, -0.965057
0.932877, 1.338970, 1.351804, -0.669694, -1.110254, -2.096798, 0.727151, -0.985008
0.938170, 1.351649, 1.354119, -0.364822, -0.378151, -0.822433, 0.683887, -0.967654
0.920471, 1.322241, 1.331150, -0.696415, -1.211605, -2.243559, 0.699548, -0.975709
0.938523, 1.351310, 1.361067, -0.339434, -0.336475, -0.731055, 0.696553, -0.986514
0.929219, 1.341222, 1.340207, -0.722377, -1.333545, -2.431629, 0.694297, -0.982820
0.935141, 1.344564, 1.352364, -0.311167, -0.289833, -0.640242, 0.697554, -1.001225
0.939412, 1.358805, 1.355884, -0.746848, -1.459993, -2.620123, 0.681108, -0.996201
0.931472, 1.343209, 1.342862, -0.287339, -0.253343, -0.565577, 0.670624, -0.991667
0.933874, 1.347896, 1.351440, -0.754186, -1.542033, -2.723488, 0.668521, -0.987655
0.928694, 1.341237, 1.342332, -0.273098, -0.231823, -0.522860, 0.681731, -1.000559
0.940575, 1.359148, 1.358972, -0.760924, -1.602358, -2.812670, 0.671875, -1.007057
0.933779, 1.351420, 1.345572, -0.263737, -0.218572, -0.499408, 0.673817, -0.991752
0.932594, 1.343300, 1.347280, -0.758256, -1.617038, -2.828172, 0.650828, -0.987220
0.927236, 1.341201, 1.343270, -0.261924, -0.215291, -0.487673, 0.651613, -0.985981
0.929009, 1.342491, 1.344907, -0.756715, -1.627296, -2.830301, 0.649717, -0.998092
0.933278, 1.352064, 1.350258, -0.261598, -0.217126, -0.491070, 0.647806, -1.003738
0.932516, 1.350669, 1.346588, -0.766084, -1.653133, -2.875346, 0.653358, -1.006898
0.936051, 1.355000, 1.351816, -0.257554, -0.210630, -0.479153, 0.647187, -0.994384
0.927046, 1.339934, 1.339632, -0.761433, -1.651389, -2.867848, 0.643503, -0.994899
0.932722, 1.349992, 1.351193, -0.257982, -0.211046, -0.477739, 0.629243, -0.999684
0.927659, 1.345931, 1.341543, -0.765684, -1.666503, -2.885628, 0.624786, -0.991326
0.926863, 1.340803, 1.342431, -0.257401, -0.211071, -0.471251, 0.639085, -1.015687
0.940590, 1.367850, 1.360010, -0.772340, -1.697952, -2.935126, 0.622906, -0.987373
0.915914, 1.322580, 1.322401, -0.252288, -0.202181, -0.454379, 0.603885, -1.010849
0.941133, 1.370618, 1.368984, -0.773082, -1.717661, -2.950639, 0.609301, -0.990840
0.912713, 1.322686, 1.316024, -0.251326, -0.202651, -0.451339, 0.607309, -0.998851
0.938493, 1.360538, 1.365708, -0.765089, -1.700538, -2.921027, 0.610859, -1.005238
0.921531, 1.341889, 1.329807, -0.254892, -0.210229, -0.465964, 0.597579, -0.982194
0.922551, 1.331909, 1.339846, -0.756734, -1.659699, -2.857574, 0.588808, -0.990771
0.923105, 1.344440, 1.342171, -0.262692, -0.222916, -0.482014, 0.573046, -0.978634
0.913280, 1.324221, 1.325940, -0.756044, -1.643800, -2.825273, 0.576117, -0.993990
0.928211, 1.351354, 1.351303, -0.267314, -0.232176, -0.494118, 0.578719, -0.984704
0.913230, 1.325913, 1.323274, -0.757402, -1.639348, -2.822052, 0.563584, -0.998624
0.928707, 1.352611, 1.352589, -0.269699, -0.236864, -0.497645, 0.570683, -0.984154
0.911139, 1.323551, 1.320467, -0.756882, -1.637099, -2.814658, 0.569463, -0.974759
0.920150, 1.333505, 1.341880, -0.267717, -0.231150, -0.490265, 0.553948, -0.992670
0.917886, 1.341032, 1.335048, -0.764352, -1.663104, -2.850554, 0.567643, -0.984312
0.917910, 1.331311, 1.332709, -0.264552, -0.227125, -0.481760, 0.549896, -0.970297
0.909933, 1.321402, 1.327072, -0.752475, -1.637275, -2.803626, 0.547065, -0.986086
0.920213, 1.342473, 1.341630, -0.271391, -0.240294, -0.499647, 0.543690, -0.985981
0.912482, 1.328432, 1.325791, -0.759896, -1.645275, -2.818809, 0.535085, -0.969953
0.910139, 1.321415, 1.328315, -0.270121, -0.236591, -0.488352, 0.539437, -0.974677
0.913397, 1.330996, 1.332958, -0.754166, -1.640912, -2.802756, 0.533417, -0.977591
0.911209, 1.326894, 1.327594, -0.271912, -0.241248, -0.496936, 0.508677, -0.965618
0.903579, 1.314853, 1.320608, -0.752301, -1.625292, -2.771672, 0.526650, -0.954183
0.905468, 1.315194, 1.324159, -0.273795, -0.242813, -0.498142, 0.518117, -0.949868
0.900828, 1.309550, 1.318351, -0.742877, -1.596575, -2.724962, 0.505332, -0.960555
0.906123, 1.321266, 1.327254, -0.281801, -0.258086, -0.518644, 0.491956, -0.953667
0.896716, 1.305766, 1.312011, -0.745943, -1.588441, -2.706999, 0.502435, -0.937523
0.897671, 1.302422, 1.316732, -0.282031, -0.256502, -0.514891, 0.473787, -0.952882
0.898639, 1.313986, 1.320282, -0.748017, -1.596182, -2.711472, 0.496994, -0.947917
0.898498, 1.306623, 1.314587, -0.282501, -0.259164, -0.517541, 0.488683, -0.935840
0.893524, 1.298037, 1.311913, -0.736607, -1.562739, -2.661080, 0.477207, -0.943129
0.896998, 1.308651, 1.318387, -0.290351, -0.272689, -0.535730, 0.471741, -0.929525
0.886907, 1.289098, 1.301679, -0.733744, -1.538994, -2.618246, 0.458925, -0.925092
0.889778, 1.294967, 1.311565, -0.295792, -0.281063, -0.544644, 0.463737, -0.909843
0.880436, 1.278386, 1.295374, -0.723472, -1.502134, -2.552893, 0.467890, -0.917982
0.891528, 1.296752, 1.314908, -0.301507, -0.290910, -0.566380, 0.443925, -0.922896
0.881696, 1.286121, 1.298143, -0.731993, -1.504883, -2.558970, 0.433349, -0.903698
0.877360, 1.273687, 1.294934, -0.304098, -0.294111, -0.558741, 0.450099, -0.892662
0.877739, 1.273567, 1.296348, -0.714597, -1.466009, -2.486528, 0.425200, -0.902621
0.877447, 1.278834, 1.297887, -0.313240, -0.311500, -0.588740, 0.437515, -0.888216
0.872346, 1.264800, 1.287388, -0.711697, -1.432672, -2.434792, 0.410873, -0.906035
0.880018, 1.285045, 1.304710, -0.322583, -0.328663, -0.613179, 0.423891, -0.898128
0.871995, 1.268286, 1.285958, -0.715083, -1.426195, -2.422556, 0.415585, -0.868231
0.863629, 1.248748, 1.279186, -0.319813, -0.319191, -0.598456, 0.399009, -0.871644
0.866543, 1.260802, 1.287787, -0.708177, -1.410062, -2.382528, 0.403958, -0.850332
0.854358, 1.235176, 1.265109, -0.323712, -0.325570, -0.607039, 0.405207, -0.891059
0.882303, 1.288612, 1.313109, -0.715556, -1.427849, -2.414540, 0.408990, -0.861606
0.850195, 1.230033, 1.253519, -0.320253, -0.320269, -0.598339, 0.410715, -0.845752
0.866053, 1.249759, 1.289376, -0.693614, -1.369176, -2.317407, 0.373740, -0.848615
0.848676, 1.234245, 1.261763, -0.336594, -0.348883, -0.638395, 0.389553, -0.838335
0.856716, 1.237611, 1.273345, -0.688198, -1.326709, -2.242977, 0.379537, -0.846180
0.854467, 1.240405, 1.271894, -0.346020, -0.366523, -0.671081, 0.372033, -0.822921
0.842795, 1.216123, 1.252755, -0.680417, -1.279709, -2.165915, 0.365184, -0.841233
0.857735, 1.246158, 1.281230, -0.359301, -0.390632, -0.707689, 0.362337, -0.837242
0.844651, 1.224779, 1.254976, -0.682619, -1.267234, -2.145484, 0.352699, -0.825974
0.846875, 1.224760, 1.263609, -0.362637, -0.394583, -0.709242, 0.363662, -0.788150
0.829342, 1.190633, 1.233659, -0.660101, -1.201006, -2.032592, 0.353008, -0.791142
0.840218, 1.210702, 1.257509, -0.375749, -0.415413, -0.748518, 0.340985, -0.800953
0.834311, 1.206779, 1.245533, -0.664489, -1.189310, -2.010485, 0.336219, -0.791927
0.832852, 1.199942, 1.243844, -0.382086, -0.427533, -0.761318, 0.325131, -0.774493
0.823742, 1.184734, 1.231403, -0.652762, -1.149710, -1.937388, 0.345840, -0.777625
0.834264, 1.200237, 1.247310, -0.390302, -0.442845, -0.792349, 0.325222, -0.767850
0.819771, 1.178059, 1.224802, -0.645799, -1.114830, -1.884898, 0.298924, -0.745995
0.812723, 1.164610, 1.217893, -0.402879, -0.460539, -0.805041, 0.328866, -0.771184
0.833819, 1.202217, 1.250173, -0.642043, -1.106642, -1.865299, 0.279346, -0.751065
0.802517, 1.152727, 1.200588, -0.409610, -0.474927, -0.822301, 0.287072, -0.745748
0.819265, 1.176357, 1.231598, -0.635072, -1.075356, -1.797640, 0.303924, -0.748129
0.813570, 1.168671, 1.217473, -0.416006, -0.490796, -0.858111, 0.297558, -0.732600
0.809216, 1.156637, 1.212110, -0.622922, -1.028022, -1.730726, 0.297247, -0.702300
0.797629, 1.133169, 1.193003, -0.423438, -0.496297, -0.865727, 0.290738, -0.706862
0.805492, 1.148582, 1.209832, -0.613518, -0.995437, -1.670736, 0.291382, -0.694684
0.794482, 1.128759, 1.188303, -0.433884, -0.517344, -0.898809, 0.254973, -0.710969
0.801643, 1.147925, 1.208798, -0.614993, -0.986348, -1.644274, 0.251101, -0.695988
0.787613, 1.123072, 1.180688, -0.445050, -0.540373, -0.919895, 0.262560, -0.687355
0.794828, 1.129649, 1.194050, -0.598494, -0.942515, -1.571107, 0.269440, -0.672338
0.785384, 1.112315, 1.176111, -0.451773, -0.552423, -0.947983, 0.247046, -0.676149
0.788303, 1.120374, 1.186548, -0.593411, -0.915963, -1.524801, 0.242188, -0.657269
0.775551, 1.096846, 1.162316, -0.462823, -0.572013, -0.968478, 0.240292, -0.667152
0.787503, 1.118042, 1.186256, -0.586024, -0.894482, -1.483815, 0.219776, -0.639864
0.763057, 1.076098, 1.143268, -0.470922, -0.586244, -0.982737, 0.215561, -0.625429
0.768809, 1.081343, 1.156205, -0.572865, -0.851195, -1.400120, 0.198318, -0.621487
0.760006, 1.070805, 1.142858, -0.486578, -0.619161, -1.026078, 0.215987, -0.624383
0.769245, 1.082968, 1.156237, -0.562684, -0.822232, -1.352509, 0.224148, -0.616238
0.762959, 1.070304, 1.143404, -0.490390, -0.630402, -1.053666, 0.212350, -0.587819
0.750846, 1.045091, 1.123320, -0.547887, -0.772676, -1.272987, 0.189260, -0.596605
0.756446, 1.060398, 1.139620, -0.509025, -0.667049, -1.097188, 0.206425, -0.579813
0.747889, 1.040405, 1.117438, -0.536288, -0.742202, -1.218105, 0.186994, -0.591036
0.754902, 1.056427, 1.137248, -0.518572, -0.691692, -1.134335, 0.192579, -0.571623
0.741821, 1.030799, 1.108667, -0.528913, -0.718921, -1.176083, 0.175539, -0.569416
0.744761, 1.036240, 1.119573, -0.523007, -0.700114, -1.140397, 0.172767, -0.546487
0.730897, 1.009719, 1.091779, -0.523544, -0.700647, -1.136612, 0.175808, -0.540676
0.736503, 1.016006, 1.102948, -0.521437, -0.696651, -1.130012, 0.149540, -0.525052
0.720335, 0.990846, 1.076833, -0.523295, -0.695189, -1.117224, 0.145902, -0.529408
0.728685, 1.005365, 1.093752, -0.526429, -0.706503, -1.131094, 0.167287, -0.523732
0.726755, 0.998312, 1.084380, -0.517384, -0.687576, -1.108684, 0.155665, -0.503156
0.716338, 0.977174, 1.067314, -0.518744, -0.685065, -1.100411, 0.137886, -0.515077
0.722752, 0.993799, 1.084662, -0.526805, -0.705310, -1.124971, 0.141259, -0.478443
0.701857, 0.950064, 1.039741, -0.510342, -0.660534, -1.052220, 0.137362, -0.474436
0.710268, 0.962054, 1.059003, -0.522011, -0.693489, -1.099056, 0.112172, -0.460433
0.693354, 0.936186, 1.030106, -0.514391, -0.666456, -1.048121, 0.118956, -0.452023
0.697888, 0.939146, 1.036759, -0.517959, -0.680982, -1.067906, 0.124997, -0.434739
0.689905, 0.921038, 1.018659, -0.507897, -0.654181, -1.027794, 0.112838, -0.428729
0.688180, 0.918099, 1.018713, -0.514826, -0.670950, -1.047633, 0.106384, -0.423280
0.684294, 0.911616, 1.011621, -0.510769, -0.659014, -1.025990, 0.105369, -0.414297
0.681322, 0.904185, 1.005313, -0.511055, -0.660880, -1.025891, 0.084188, -0.404295
0.672512, 0.890492, 0.992672, -0.511849, -0.658353, -1.013576, 0.089099, -0.399144
0.674305, 0.890932, 0.994032, -0.510101, -0.657587, -1.010692, 0.082633, -0.368670
0.657811, 0.856508, 0.960260, -0.501957, -0.632336, -0.966360, 0.083611, -0.381481
0.671253, 0.881214, 0.989115, -0.510806, -0.663033, -1.011324, 0.078067, -0.384378
0.665662, 0.874796, 0.978498, -0.506583, -0.648104, -0.990469, 0.047469, -0.378307
0.656176, 0.862347, 0.967571, -0.514051, -0.660942, -0.998158, 0.060523, -0.348468
0.647902, 0.837775, 0.943494, -0.499891, -0.625873, -0.942215, 0.047361, -0.329001
0.639447, 0.820099, 0.929445, -0.502055, -0.632969, -0.942790, 0.059001, -0.319185
0.641079, 0.817423, 0.927784, -0.495101, -0.619675, -0.923367, 0.041982, -0.322480
0.638101, 0.816641, 0.927716, -0.501373, -0.635318, -0.942047, 0.035901, -0.315411
0.633075, 0.807426, 0.917755, -0.498046, -0.623354, -0.921340, 0.022091, -0.299311
0.622922, 0.788352, 0.899525, -0.497269, -0.619316, -0.906157, 0.025111, -0.282962
0.618980, 0.776017, 0.888489, -0.491403, -0.607569, -0.883748, 0.030955, -0.285506
0.623792, 0.783280, 0.897142, -0.491873, -0.616095, -0.896729, 0.013269, -0.274827
0.612262, 0.764595, 0.877299, -0.490717, -0.605801, -0.876730, 0.023889, -0.261606
0.611916, 0.757611, 0.871575, -0.485015, -0.595923, -0.858960, -0.000874, -0.264914
0.606766, 0.754911, 0.869827, -0.491701, -0.612529, -0.876212, -0.011253, -0.241646
0.592749, 0.726682, 0.840298, -0.484235, -0.586366, -0.830105, -0.010656, -0.223159
0.587459, 0.711895, 0.827160, -0.478807, -0.580516, -0.811352, -0.026700, -0.206509
0.575981, 0.690787, 0.806073, -0.474970, -0.572373, -0.789512, -0.026929, -0.216004
0.582090, 0.703911, 0.821306, -0.477572, -0.589249, -0.812689, -0.023394, -0.188885
0.569517, 0.673487, 0.787976, -0.466044, -0.551975, -0.757007, -0.007646, -0.181827
0.574185, 0.675680, 0.791689, -0.459515, -0.552447, -0.752012, -0.045225, -0.170557
0.556161, 0.650365, 0.765068, -0.461315, -0.550868, -0.739432, -0.042693, -0.163980
0.554936, 0.646213, 0.761883, -0.457291, -0.546401, -0.727393, -0.036466, -0.145333
0.548871, 0.628491, 0.742481, -0.447091, -0.525029, -0.691693, -0.043412, -0.145281
0.547184, 0.627787, 0.742167, -0.445033, -0.532714, -0.696289, -0.054382, -0.123272
0.533042, 0.599831, 0.711902, -0.437436, -0.508292, -0.654590, -0.065245, -0.117116
0.526387, 0.590722, 0.702517, -0.432455, -0.509551, -0.643867, -0.074884, -0.111836
0.520000, 0.581318, 0.692859, -0.428984, -0.507310, -0.635858, -0.071668, -0.118099
0.523638, 0.589102, 0.701838, -0.428967, -0.515315, -0.649022, -0.094067, -0.085042
0.500419, 0.544824, 0.653358, -0.421125, -0.477500, -0.584309, -0.093353, -0.068157
0.490704, 0.526890, 0.632113, -0.403141, -0.460311, -0.538200, -0.076463, -0.084112
0.502708, 0.549980, 0.657101, -0.392679, -0.478836, -0.565731, -0.106510, -0.063685
0.483496, 0.517279, 0.621780, -0.391637, -0.454078, -0.533283, -0.094596, -0.053759
0.480611, 0.509751, 0.611863, -0.378568, -0.437452, -0.498273, -0.103705, -0.018850
0.460719, 0.469805, 0.564346, -0.351423, -0.387352, -0.407528, -0.114232, -0.049063
0.462280, 0.493102, 0.588973, -0.332528, -0.422899, -0.448100, -0.112298, 0.000781
0.443580, 0.443513, 0.535714, -0.312099, -0.346105, -0.346487, -0.136553, 0.007361
0.422759, 0.422293, 0.503483, -0.268498, -0.312956, -0.267519, -0.135695, -0.001771
0.416745, 0.426855, 0.508668, -0.216416, -0.296962, -0.242637, -0.129467, -0.004437
0.419826, 0.430657, 0.518057, -0.177191, -0.267722, -0.228718, -0.154000, 0.009625
0.405318, 0.405593, 0.491809, -0.142822, -0.210221, -0.165284, -0.162839, 0.032154
0.384996, 0.374038, 0.452407, -0.068815, -0.114289, -0.023393, -0.146784, 0.068532
0.366274, 0.341278, 0.404505, 0.105155, 0.078573, 0.260072, -0.150120, 0.068758
0.347704, 0.334417, 0.383248, 0.407316, 0.332852, 0.564903, -0.168653, 0.055816
0.328793, 0.331187, 0.384793, 0.607276, 0.513067, 0.675588, -0.177589, 0.083182
0.308173, 0.294380, 0.356344, 0.625875, 0.583417, 0.719341, -0.180217, 0.083262
0.293277, 0.276675, 0.336764, 0.615732, 0.579766, 0.716907, -0.183554, 0.094628
0.275871, 0.257010, 0.313667, 0.621027, 0.593385, 0.741145, -0.179625, 0.120845
0.255271, 0.229686, 0.279191, 0.627853, 0.615336, 0.783639, -0.172891, 0.112612
0.240040, 0.227111, 0.271199, 0.619869, 0.594342, 0.759491, -0.221856, 0.134957
0.193603, 0.177545, 0.225111, 0.641776, 0.636966, 0.815393, -0.204613, 0.141796
0.162096, 0.147775, 0.204642, 0.632105, 0.624512, 0.806339, -0.212158, 0.165089
0.128981, 0.102910, 0.175026, 0.644195, 0.652938, 0.852255, -0.218164, 0.160434
0.097868, 0.066085, 0.150676, 0.637153, 0.636361, 0.830586, -0.216920, 0.159622
0.071826, 0.034151, 0.133761, 0.640523, 0.641661, 0.836635, -0.224009, 0.171689
0.045787, -0.005269, 0.111216, 0.644773, 0.653775, 0.855568, -0.210295, 0.190379
0.032154, -0.034944, 0.094501, 0.644989, 0.662423, 0.876637, -0.236393, 0.197058
0.002666, -0.073762, 0.056251, 0.649959, 0.669610, 0.886299, -0.249221, 0.203834
-0.039926, -0.108406, 0.019870, 0.652794, 0.676311, 0.894955, -0.243693, 0.225097
-0.075927, -0.136944, 0.014331, 0.656511, 0.691788, 0.923350, -0.255946, 0.241063
-0.099326, -0.183262, 0.020498, 0.659045, 0.700097, 0.938636, -0.248792, 0.226512
-0.093554, -0.224351, 0.015171, 0.650397, 0.679344, 0.908374, -0.255429, 0.260732
-0.074830, -0.246589, -0.011716, 0.668683, 0.724197, 0.977321, -0.258428, 0.281002
-0.067870, -0.230648, -0.057820, 0.660494, 0.715924, 0.971810, -0.266884, 0.292371
-0.100985, -0.187417, -0.087287, 0.667950, 0.731480, 0.995826, -0.261573, 0.279342
-0.157744, -0.159938, -0.043101, 0.657581, 0.708673, 0.962090, -0.278640, 0.295079
-0.183237, -0.219785, 0.062818, 0.673549, 0.741406, 1.007861, -0.297418, 0.306982
-0.114687, -0.360346, 0.115334, 0.669448, 0.737314, 1.000530, -0.294158, 0.328237
0.026142, -0.427848, -0.008219, 0.676551, 0.757852, 1.035231, -0.290329, 0.350754
0.075858, -0.275274, -0.285906, 0.674029, 0.760595, 1.045230, -0.313521, 0.339226
-0.142419, 0.050253, -0.436010, 0.673918, 0.754072, 1.029292, -0.297911, 0.346369
-0.473270, 0.244245, -0.043275, 0.675850, 0.761900, 1.044677, -0.302095, 0.352891
-0.489245, -0.150031, 0.670010, 0.675136, 0.761967, 1.045542, -0.313080, 0.356874
0.042544, -0.770379, 0.678565, 0.678346, 0.768170, 1.052836, -0.321963, 0.380209
0.424512, -0.705188, -0.102402, 0.684293, 0.786214, 1.080907, -0.322647, 0.379414
0.284254, -0.084704, -0.819146, 0.676939, 0.772622, 1.061233, -0.339287, 0.403309
-0.314154, 0.614575, -0.682124, 0.692151, 0.806513, 1.110930, -0.330157, 0.396427
-0.699746, 0.499619, 0.286392, 0.674746, 0.773819, 1.064081, -0.349216, 0.418371
-0.441522, -0.362768, 1.061668, 0.697688, 0.820626, 1.132144, -0.358179, 0.409680
0.227990, -0.909622, 0.518543, 0.677827, 0.781814, 1.070957, -0.341168, 0.441855
0.493618, -0.608831, -0.399726, 0.699773, 0.833122, 1.156098, -0.366531, 0.446602
0.154508, 0.209930, -1.045042, 0.682858, 0.801123, 1.103155, -0.360617, 0.438640
-0.502219, 0.768268, -0.421781, 0.694236, 0.820169, 1.132202, -0.355048, 0.460918
-0.740536, 0.326407, 0.666712, 0.690467, 0.820350, 1.136563, -0.366677, 0.466992
-0.222936, -0.701616, 1.120230, 0.693788, 0.827046, 1.144994, -0.365069, 0.487245
0.399706, -0.973256, 0.237794, 0.695853, 0.837119, 1.163014, -0.381604, 0.480402
0.480731, -0.396605, -0.737497, 0.692545, 0.827772, 1.144141, -0.377099, 0.504826
-0.062383, 0.581939, -1.064016, 0.702656, 0.854202, 1.187870, -0.388186, 0.497553
-0.670203, 0.815675, -0.065337, 0.690542, 0.828900, 1.146214, -0.396855, 0.524886
-0.702472, 0.003300, 1.039019, 0.711069, 0.874233, 1.215560, -0.406268, 0.523913
0.027070, -0.999589, 0.949429, 0.691609, 0.837591, 1.157447, -0.394446, 0.531571
0.512963, -0.887075, -0.107983, 0.708703, 0.872179, 1.214225, -0.414074, 0.556687
0.412363, -0.087503, -1.092672, 0.701550, 0.864221, 1.199342, -0.430841, 0.562590
-0.321866, 0.893653, -0.865606, 0.710541, 0.881758, 1.222425, -0.421555, 0.576363
-0.803949, 0.712024, 0.354534, 0.704243, 0.874725, 1.215561, -0.429362, 0.567928
-0.541088, -0.421831, 1.286478, 0.706606, 0.876066, 1.214932, -0.430188, 0.575397
0.255578, -1.138664, 0.619416, 0.708238, 0.881251, 1.223168, -0.444912, 0.591785
0.577713, -0.723796, -0.495153, 0.712325, 0.892339, 1.237681, -0.431140, 0.579557
0.214683, 0.324822, -1.268507, 0.702047, 0.871108, 1.208032, -0.476129, 0.612392
-0.561055, 1.037436, -0.488396, 0.727961, 0.925230, 1.281409, -0.451665, 0.618542
-0.848526, 0.406430, 0.785162, 0.699898, 0.876705, 1.214505, -0.463773, 0.634903
-0.281512, -0.897678, 1.341884, 0.728883, 0.933953, 1.300898, -0.464369, 0.630481
0.437593, -1.121760, 0.232030, 0.699692, 0.878330, 1.214612, -0.462060, 0.643321
0.578304, -0.434849, -0.905799, 0.730226, 0.939024, 1.310070, -0.464872, 0.648667
-0.056231, 0.794293, -1.260542, 0.701048, 0.885302, 1.226776, -0.468838, 0.641652
-0.726532, 0.977861, -0.029643, 0.727411, 0.932737, 1.298479, -0.491281, 0.632695
-0.778099, -0.031479, 1.145374, 0.705783, 0.888829, 1.223327, -0.485287, 0.653135
0.029044, -1.190170, 1.057175, 0.732774, 0.945411, 1.314124, -0.501202, 0.681335
0.571708, -1.006459, -0.158396, 0.712510, 0.913155, 1.262086, -0.500224, 0.675940
0.468798, -0.043489, -1.265587, 0.728338, 0.941866, 1.306720, -0.507987, 0.703360
-0.349218, 1.113193, -0.947233, 0.720817, 0.933891, 1.294155, -0.500270, 0.709955
-0.870130, 0.787091, 0.418662, 0.725285, 0.944459, 1.313565, -0.517824, 0.710465
-0.616654, -0.539529, 1.459151, 0.722490, 0.938197, 1.298739, -0.509355, 0.732204
0.293358, -1.323478, 0.665710, 0.729947, 0.958277, 1.334122, -0.523356, 0.719353
0.644203, -0.764788, -0.578183, 0.718504, 0.932653, 1.289361, -0.527513, 0.719724
0.245480, 0.463258, -1.489698, 0.733604, 0.961332, 1.332723, -0.542102, 0.743382
-0.595266, 1.203301, -0.466794, 0.726318, 0.952400, 1.316313, -0.534430, 0.754233
-0.930946, 0.408190, 0.887192, 0.732712, 0.967678, 1.343362, -0.539949, 0.747671
-0.290727, -1.054515, 1.442799, 0.723625, 0.948472, 1.311389, -0.547564, 0.751798
0.480130, -1.217986, 0.207344, 0.736398, 0.973429, 1.348263, -0.555194, 0.765203
0.638027, -0.435991, -1.050793, 0.727629, 0.959554, 1.325454, -0.549910, 0.777214
-0.071025, 0.987050, -1.377106, 0.737036, 0.980619, 1.360781, -0.553965, 0.752294
-0.774074, 1.046973, 0.016505, 0.720888, 0.943921, 1.300747, -0.555845, 0.773452
-0.863045, -0.089775, 1.310887, 0.745734, 0.996171, 1.382911, -0.581380, 0.798976
0.053669, -1.382746, 1.111065, 0.727178, 0.965301, 1.329099, -0.576838, 0.802953
0.625559, -1.041571, -0.219794, 0.745335, 1.001414, 1.387378, -0.576645, 0.813109
0.523370, 0.043647, -1.474035, 0.727386, 0.969218, 1.337877, -0.588791, 0.819660
-0.388638, 1.277536, -0.946198, 0.748303, 1.010283, 1.398756, -0.592546, 0.803440
-0.926310, 0.778055, 0.482713, 0.723983, 0.960125, 1.318551, -0.592637, 0.833660
-0.659047, -0.685964, 1.606792, 0.757991, 1.032224, 1.432959, -0.579584, 0.823697
0.329859, -1.390543, 0.628335, 0.714260, 0.946697, 1.302911, -0.604974, 0.831034
0.700608, -0.790241, -0.693875, 0.766170, 1.046929, 1.452002, -0.602165, 0.829277
0.245189, 0.621712, -1.622670, 0.712038, 0.943027, 1.291047, -0.608363, 0.842544
-0.641075, 1.293703, -0.418368, 0.772705, 1.062455, 1.476327, -0.622489, 0.856185
-0.998547, 0.364532, 0.982885, 0.712259, 0.948524, 1.295289, -0.618378, 0.866887
-0.280362, -1.231896, 1.514795, 0.777702, 1.077485, 1.498781, -0.617279, 0.868372
0.530592, -1.273272, 0.166140, 0.706162, 0.939803, 1.284181, -0.619154, 0.865976
0.687474, -0.402673, -1.191698, 0.782272, 1.086316, 1.512314, -0.624884, 0.871611
-0.106907, 1.143596, -1.417897, 0.703393, 0.935085, 1.274798, -0.624265, 0.886059
-0.843836, 1.127215, 0.082511, 0.790837, 1.107715, 1.545755, -0.634210, 0.878808
-0.911341, -0.178595, 1.412273, 0.695228, 0.921144, 1.250865, -0.656013, 0.894033
0.088427, -1.503211, 1.105877, 0.806849, 1.140222, 1.587849, -0.668953, 0.892710
0.663089, -1.057697, -0.290848, 0.688134, 0.910294, 1.225231, -0.644752, 0.899603
0.535466, 0.139183, -1.609862, 0.814950, 1.158980, 1.621632, -0.655763, 0.897585
-0.433230, 1.374427, -0.907242, 0.676807, 0.890505, 1.198447, -0.675034, 0.904388
-0.997338, 0.773809, 0.568829, 0.832423, 1.194207, 1.668138, -0.652612, 0.909889
-0.653191, -0.812408, 1.664463, 0.662755, 0.867155, 1.164657, -0.663153, 0.889188
0.361828, -1.440111, 0.580960, 0.840729, 1.208934, 1.694137, -0.662725, 0.925367
0.751414, -0.790459, -0.797958, 0.658941, 0.862908, 1.155773, -0.678503, 0.935401
0.236007, 0.781301, -1.732727, 0.858123, 1.254984, 1.765387, -0.669783, 0.933322
-0.682426, 1.352075, -0.364975, 0.640079, 0.830123, 1.103696, -0.680498, 0.944101
-1.051470, 0.316490, 1.074195, 0.882210, 1.308827, 1.851068, -0.687670, 0.941378
-0.253262, -1.352420, 1.508848, 0.619506, 0.794667, 1.044360, -0.714569, 0.932731
0.558503, -1.290027, 0.112050, 0.909176, 1.363600, 1.927715, -0.692969, 0.938299
0.707970, -0.361661, -1.310962, 0.598084, 0.756224, 0.984707, -0.696785, 0.939290
-0.150117, 1.256383, -1.409423, 0.933262, 1.421773, 2.027097, -0.693967, 0.965302
-0.899954, 1.140705, 0.145811, 0.576992, 0.723461, 0.935041, -0.716090, 0.952235
-0.943186, -0.276087, 1.488023, 0.961949, 1.490338, 2.132961, -0.702704, 0.958363
0.129287, -1.573989, 1.075272, 0.551851, 0.678993, 0.864933, -0.711652, 0.963568
0.703996, -1.061708, -0.359479, 0.994202, 1.573128, 2.269847, -0.697426, 0.967270
0.536362, 0.239668, -1.718336, 0.522549, 0.630073, 0.792267, -0.729103, 0.965689
-0.479244, 1.447549, -0.864816, 1.028261, 1.660995, 2.409916, -0.720393, 0.997075
-1.056848, 0.765942, 0.661574, 0.499745, 0.595735, 0.736191, -0.729591, 0.979306
-0.642360, -0.939706, 1.677933, 1.054852, 1.738286, 2.539206, -0.724004, 0.958586
0.402133, -1.487383, 0.551763, 0.473355, 0.547504, 0.661272, -0.727832, 0.973593
0.768590, -0.767846, -0.880839, 1.078770, 1.814259, 2.668449, -0.732274, 0.962278
0.190896, 0.866818, -1.740451, 0.453127, 0.515109, 0.611175, -0.743964, 0.990665
-0.735780, 1.386646, -0.317985, 1.104198, 1.896030, 2.803957, -0.746367, 0.973801
-1.066632, 0.247696, 1.123697, 0.434401, 0.486395, 0.566454, -0.744575, 0.989509
-0.223803, -1.450558, 1.495685, 1.115881, 1.944239, 2.888678, -0.753052, 0.976742
0.586347, -1.280544, 0.067003, 0.423231, 0.469027, 0.539555, -0.768590, 0.959935
0.690985, -0.322304, -1.400138, 1.112317, 1.938701, 2.877342, -0.764412, 0.990152
-0.195212, 1.342871, -1.376742, 0.426806, 0.476446, 0.548369, -0.749981, 0.985844
-0.929650, 1.093469, 0.202267, 1.119040, 1.959477, 2.914927, -0.770482, 0.991563
-0.954810, -0.372177, 1.556318, 0.422233, 0.469544, 0.536915, -0.767338, 0.998398
0.164096, -1.614538, 1.016087, 1.129879, 1.992878, 2.968123, -0.791916, 0.984340
0.709635, -1.035085, -0.429987, 0.416196, 0.460100, 0.518529, -0.788573, 1.015573
0.501678, 0.333483, -1.809862, 1.144385, 2.039773, 3.043903, -0.791276, 1.007916
-0.523984, 1.481859, -0.785368, 0.407318, 0.447876, 0.502822, -0.788190, 1.003546
-1.078664, 0.679184, 0.718997, 1.141915, 2.041137, 3.049578, -0.779385, 1.006736
-0.606638, -1.056825, 1.693370, 0.405672, 0.444669, 0.500535, -0.786922, 0.995393
0.434054, -1.491338, 0.487939, 1.138504, 2.032631, 3.036377, -0.774810, 0.997207
0.772911, -0.724882, -0.967107, 0.406480, 0.444950, 0.501368, -0.797177, 0.987457
0.130832, 0.959598, -1.740459, 1.136168, 2.022894, 3.017747, -0.798862, 0.995649
-0.771830, 1.347098, -0.238566, 0.410885, 0.452900, 0.507369, -0.800976, 1.018495
-1.104279, 0.165636, 1.223865, 1.149723, 2.058958, 3.075232, -0.826627, 1.013205
-0.172343, -1.516040, 1.408116, 0.406567, 0.448824, 0.496720, -0.817933, 0.993273
0.607547, -1.255432, -0.004316, 1.141711, 2.037022, 3.036797, -0.801902, 1.006670
0.694363, -0.245102, -1.511277, 0.409072, 0.450991, 0.504965, -0.817547, 0.997981
-0.254200, 1.376537, -1.293010, 1.142994, 2.036954, 3.035630, -0.836205, 1.003131
-0.982662, 1.047117, 0.271296, 0.411874, 0.456868, 0.505553, -0.820087, 0.999871
-0.928226, -0.476645, 1.591573, 1.143332, 2.036203, 3.032822, -0.839151, 0.998279
0.195926, -1.617845, 0.933557, 0.412115, 0.456949, 0.504913, -0.841583, 1.026565
0.737626, -1.030783, -0.508092, 1.158979, 2.079069, 3.099687, -0.839223, 0.997678
0.440446, 0.405214, -1.808182, 0.403059, 0.442340, 0.485025, -0.839809, 0.982680
-0.569072, 1.442671, -0.706579, 1.141350, 2.037637, 3.035313, -0.830504, 0.998838
-1.102971, 0.614724, 0.793002, 0.411168, 0.455014, 0.504095, -0.843915, 0.981998
-0.550799, -1.124919, 1.633989, 1.138754, 2.018618, 2.998808, -0.843323, 0.996676
0.454744, -1.483620, 0.428771, 0.416732, 0.464294, 0.514590, -0.862163, 0.989076
0.743118, -0.683582, -1.035888, 1.142485, 2.020726, 2.995983, -0.844340, 0.981140
0.066175, 1.010255, -1.693895, 0.415856, 0.461414, 0.510155, -0.871537, 0.992416
-0.816512, 1.311023, -0.175644, 1.146115, 2.031764, 3.013078, -0.856768, 0.973830
-1.076162, 0.071086, 1.241802, 0.414072, 0.458567, 0.503153, -0.849630, 0.978109
-0.125326, -1.525389, 1.350720, 1.137290, 2.012369, 2.986505, -0.861476, 0.980204
0.609609, -1.231529, -0.066308, 0.418798, 0.467090, 0.513772, -0.854814, 0.990582
0.645886, -0.184251, -1.550272, 1.141776, 2.019466, 2.995032, -0.874230, 0.969365
-0.313560, 1.356481, -1.211217, 0.417787, 0.465164, 0.507996, -0.868584, 0.985101
-1.011290, 0.993359, 0.341633, 1.141912, 2.019591, 2.993075, -0.876497, 0.972026
-0.886200, -0.570912, 1.584277, 0.418314, 0.466308, 0.509408, -0.860783, 0.974248
0.226750, -1.593148, 0.864729, 1.135496, 2.001111, 2.963651, -0.885541, 0.987258
0.713146, -0.984455, -0.568447, 0.424152, 0.477585, 0.523775, -0.887209, 0.949963
0.354136, 0.443787, -1.778595, 1.125201, 1.958777, 2.884549, -0.873893, 0.950285
-0.611573, 1.399457, -0.619741, 0.431483, 0.485019, 0.535850, -0.882855, 0.980656
-1.119752, 0.529396, 0.859075, 1.136230, 1.986856, 2.929816, -0.904969, 0.954863
-0.492267, -1.188284, 1.575400, 0.427752, 0.481335, 0.523922, -0.888679, 0.952679
0.457434, -1.419324, 0.343287, 1.126035, 1.959752, 2.885164, -0.879917, 0.957953
0.709165, -0.629225, -1.095520, 0.432351, 0.487454, 0.538388, -0.884426, 0.955811
-0.007198, 1.037936, -1.629738, 1.124583, 1.950658, 2.868676, -0.888649, 0.923667
-0.829860, 1.203667, -0.097276, 0.433039, 0.485817, 0.532444, -0.906532, 0.950439
-1.077524, -0.031273, 1.304317, 1.125958, 1.952427, 2.867288, -0.907317, 0.938885
-0.074500, -1.511492, 1.240450, 0.435581, 0.492354, 0.538519, -0.914193, 0.931031
0.594181, -1.179311, -0.143354, 1.116698, 1.920866, 2.811757, -0.898829, 0.918804
0.546738, -0.118216, -1.542810, 0.441512, 0.499278, 0.549564, -0.902102, 0.920323
-0.383342, 1.317312, -1.100169, 1.108053, 1.892483, 2.765097, -0.898842, 0.898729
-1.010498, 0.861621, 0.403615, 0.447131, 0.506284, 0.558442, -0.926193, 0.922614
-0.834567, -0.683067, 1.589460, 1.110234, 1.891550, 2.756314, -0.911678, 0.911743
0.247104, -1.513256, 0.740455, 0.450048, 0.512861, 0.566160, -0.905719, 0.918296
0.672512, -0.922410, -0.635146, 1.103631, 1.872646, 2.728288, -0.924345, 0.897516
0.255485, 0.485711, -1.729494, 0.454586, 0.519636, 0.571689, -0.938418, 0.900756
-0.665690, 1.324427, -0.523494, 1.098627, 1.850189, 2.682111, -0.946000, 0.901577
-1.101716, 0.398085, 0.898250, 0.463447, 0.535487, 0.590188, -0.924668, 0.894293
-0.415974, -1.230103, 1.510188, 1.089030, 1.818400, 2.629530, -0.914868, 0.884936
0.451515, -1.334709, 0.240048, 0.468095, 0.539087, 0.602196, -0.938561, 0.866134
0.606810, -0.552963, -1.135386, 1.076732, 1.776698, 2.555063, -0.949085, 0.874255
-0.129180, 0.993098, -1.485544, 0.482324, 0.563008, 0.628186, -0.945553, 0.870535
-0.889421, 1.119076, 0.005199, 1.071526, 1.754861, 2.513582, -0.941096, 0.875602
-1.008157, -0.173882, 1.325734, 0.488585, 0.572546, 0.644738, -0.951207, 0.837883
-0.018572, -1.449407, 1.076100, 1.054752, 1.701662, 2.421688, -0.940514, 0.850547
0.563674, -1.109485, -0.234294, 0.502669, 0.592243, 0.672735, -0.941612, 0.823189
0.414045, -0.054399, -1.504225, 1.039328, 1.654181, 2.342393, -0.938318, 0.839335
-0.469614, 1.220015, -0.948396, 0.516322, 0.612848, 0.703069, -0.960644, 0.819777
-1.037346, 0.720427, 0.486835, 1.031223, 1.626400, 2.288738, -0.945978, 0.818756
-0.720237, -0.775216, 1.514752, 0.524992, 0.624562, 0.718042, -0.948996, 0.823605
0.261109, -1.429165, 0.595883, 1.025823, 1.611942, 2.266962, -0.953842, 0.825297
0.594882, -0.835057, -0.707238, 0.530834, 0.635581, 0.732316, -0.960684, 0.820393
0.118844, 0.509543, -1.625107, 1.021248, 1.597396, 2.238871, -0.961614, 0.797765
-0.720576, 1.171605, -0.389289, 0.534220, 0.637816, 0.732438, -0.956976, 0.808831
-1.072785, 0.237854, 0.970077, 1.015817, 1.581509, 2.213503, -0.962043, 0.777138
-0.312511, -1.226004, 1.327478, 0.537416, 0.640223, 0.734612, -0.965006, 0.794323
0.432394, -1.253045, 0.113859, 1.010515, 1.564577, 2.182992, -0.955753, 0.781536
0.500222, -0.455722, -1.157292, 0.543377, 0.649948, 0.751262, -0.976860, 0.759630
-0.261483, 0.894030, -1.296159, 0.994420, 1.516062, 2.098026, -0.947396, 0.774359
-0.935513, 0.968698, 0.121234, 0.559549, 0.674490, 0.790166, -0.980512, 0.756027
-0.910057, -0.333138, 1.294282, 0.980970, 1.479780, 2.035208, -0.946061, 0.756519
0.039553, -1.401140, 0.922376, 0.571181, 0.690605, 0.813829, -0.970772, 0.729086
0.494550, -0.987451, -0.335503, 0.962236, 1.428499, 1.952271, -0.983189, 0.752099
0.261728, 0.013057, -1.476055, 0.593599, 0.729546, 0.861119, -0.973521, 0.721997
-0.562970, 1.043586, -0.742658, 0.942287, 1.378752, 1.869522, -0.975911, 0.732796
-1.064841, 0.535032, 0.606518, 0.610629, 0.753863, 0.898487, -0.971261, 0.723148
-0.581893, -0.892631, 1.402293, 0.928874, 1.347988, 1.819605, -0.962086, 0.707799
0.272546, -1.293222, 0.398326, 0.618652, 0.761732, 0.912522, -0.978635, 0.713115
0.479627, -0.720956, -0.805432, 0.921700, 1.329298, 1.786432, -0.984930, 0.685234
-0.083099, 0.480907, -1.401963, 0.626159, 0.771656, 0.919616, -0.974791, 0.677885
-0.813180, 0.959418, -0.227302, 0.906675, 1.287467, 1.718943, -0.962573, 0.686497
-1.000069, 0.002931, 1.037109, 0.641653, 0.795929, 0.962606, -0.964583, 0.680749
-0.188205, -1.242537, 1.111868, 0.891742, 1.256046, 1.670737, -0.986285, 0.663679
0.391090, -1.093826, -0.065993, 0.654256, 0.814306, 0.981342, -0.971705, 0.653259
0.305773, -0.333141, -1.173101, 0.876620, 1.216975, 1.605327, -0.990766, 0.638514
-0.434132, 0.759087, -1.009488, 0.668665, 0.833424, 1.007233, -0.990991, 0.626061
-0.996291, 0.653388, 0.253458, 0.861667, 1.179291, 1.538277, -0.996752, 0.639587
-0.777059, -0.561895, 1.265903, 0.687901, 0.866160, 1.055722, -0.995293, 0.636707
0.095710, -1.286110, 0.632912, 0.847835, 1.154666, 1.498796, -0.996492, 0.600394
0.386195, -0.848416, -0.487033, 0.693022, 0.866011, 1.052334, -0.995659, 0.599538
0.004332, 0.063244, -1.300356, 0.838381, 1.125844, 1.451100, -1.001682, 0.589858
-0.711222, 0.780375, -0.506244, 0.705315, 0.884552, 1.078260, -0.993366, 0.584554
-1.032603, 0.187441, 0.705428, 0.824905, 1.095599, 1.403449, -1.003224, 0.583189
-0.411438, -1.011625, 1.139496, 0.718617, 0.905585, 1.109035, -0.989634, 0.569766
0.251236, -1.125485, 0.150549, 0.810056, 1.063292, 1.353121, -0.977452, 0.553966
0.269468, -0.565788, -0.871278, 0.725511, 0.908219, 1.117908, -0.994999, 0.541358
-0.334660, 0.370051, -1.092862, 0.800928, 1.038711, 1.310672, -1.014440, 0.533141
-0.927647, 0.580446, -0.056903, 0.737885, 0.926372, 1.133348, -0.959068, 0.536600
-0.866120, -0.324277, 1.010610, 0.788383, 1.012494, 1.281378, -0.986279, 0.535864
-0.085870, -1.180140, 0.747021, 0.745696, 0.938808, 1.159367, -0.995918, 0.518297
0.285895, -0.924919, -0.268830, 0.781036, 0.996090, 1.243260, -0.999466, 0.494969
0.011689, -0.247704, -1.090350, 0.748754, 0.933378, 1.144922, -0.987417, 0.521893
-0.620838, 0.511965, -0.675734, 0.784068, 1.001794, 1.255650, -0.986366, 0.492560
-1.016896, 0.217492, 0.386483, 0.743321, 0.922676, 1.131819, -1.013840, 0.480636
-0.581124, -0.803081, 0.987918, 0.781965, 0.987717, 1.222336, -0.973755, 0.479634
0.097024, -1.105347, 0.291687, 0.747298, 0.924639, 1.138523, -1.000937, 0.460219
0.179323, -0.701468, -0.634360, 0.773682, 0.966387, 1.191056, -0.989435, 0.455154
-0.291301, 0.021921, -1.019003, 0.753209, 0.928640, 1.137656, -1.010204, 0.437337
-0.852070, 0.330170, -0.296357, 0.768350, 0.950643, 1.163020, -0.993042, 0.422950
-0.916822, -0.274131, 0.602958, 0.753966, 0.920429, 1.121424, -1.006862, 0.414265
-0.313195, -1.018911, 0.651443, 0.766342, 0.939716, 1.145576, -1.004197, 0.395866
0.080327, -0.927908, -0.122451, 0.753688, 0.912355, 1.103467, -1.004282, 0.403155
-0.083238, -0.489558, -0.817897, 0.767538, 0.937893, 1.143152, -0.991677, 0.393871
-0.582505, 0.040639, -0.709680, 0.752266, 0.908491, 1.100898, -0.986751, 0.374847
-0.928520, -0.047782, 0.000858, 0.759629, 0.914450, 1.108960, -0.987058, 0.378039
-0.698183, -0.681766, 0.562136, 0.757577, 0.912022, 1.105797, -0.998427, 0.352135
-0.180247, -0.997290, 0.221480, 0.753727, 0.898019, 1.078557, -0.996004, 0.349861
-0.060545, -0.764521, -0.425252, 0.759441, 0.906343, 1.092360, -1.005678, 0.361308
-0.369759, -0.344942, -0.771930, 0.759537, 0.910975, 1.097955, -0.998782, 0.334883
-0.765898, -0.133820, -0.425324, 0.750772, 0.887321, 1.061111, -1.017401, 0.328426
-0.852368, -0.433758, 0.100438, 0.761041, 0.903210, 1.079732, -0.991838, 0.331224
-0.518359, -0.842455, 0.266504, 0.752722, 0.888602, 1.065389, -1.002384, 0.299482
-0.245832, -0.873383, -0.138768, 0.750985, 0.875824, 1.038751, -0.975106, 0.294482
-0.317119, -0.630373, -0.534830, 0.752053, 0.873733, 1.043101, -1.010117, 0.280061
-0.614582, -0.417832, -0.577068, 0.752163, 0.871370, 1.027988, -1.001482, 0.258337
-0.771091, -0.447038, -0.300282, 0.747972, 0.855903, 1.005553, -1.009769, 0.265614
-0.700115, -0.642063, -0.097415, 0.756217, 0.872252, 1.029121, -0.992173, 0.256576
-0.540827, -0.761311, -0.149048, 0.745709, 0.851010, 1.000529, -0.988905, 0.227245
-0.504025, -0.722816, -0.360508, 0.745029, 0.838733, 0.978851, -1.008818, 0.217517
-0.597485, -0.622513, -0.468693, 0.749080, 0.842637, 0.979092, -0.997462, 0.242775
-0.660040, -0.554145, -0.367026, 0.753591, 0.858497, 1.009731, -0.996500, 0.220408
-0.686621, -0.631877, -0.311130, 0.741324, 0.830946, 0.964725, -1.011203, 0.201377
-0.649142, -0.678469, -0.333224, 0.747964, 0.834647, 0.964684, -1.009403, 0.203154
-0.630415, -0.662914, -0.371479, 0.747152, 0.833865, 0.964974, -0.987291, 0.155158
-0.663685, -0.666626, -0.455478, 0.731551, 0.789232, 0.896737, -0.990876, 0.156629
-0.676439, -0.629999, -0.453184, 0.745652, 0.810825, 0.929098, -0.981478, 0.164517
-0.684960, -0.624521, -0.423061, 0.739831, 0.804858, 0.923413, -0.996431, 0.153724
-0.693461, -0.649705, -0.433738, 0.740453, 0.802334, 0.914177, -0.988876, 0.141557
-0.686139, -0.651540, -0.451852, 0.737197, 0.791615, 0.898792, -1.001971, 0.142424
-0.693139, -0.645390, -0.463459, 0.741931, 0.799925, 0.908468, -0.989380, 0.104435
-0.711010, -0.664964, -0.516075, 0.727347, 0.760984, 0.847792, -0.995259, 0.097697
-0.712590, -0.650418, -0.529559, 0.736055, 0.770281, 0.860145, -1.000953, 0.090079
-0.725541, -0.652569, -0.542792, 0.731908, 0.761355, 0.844603, -0.990579, 0.094051
-0.718693, -0.642516, -0.528079, 0.734129, 0.765438, 0.853924, -0.998073, 0.059481
-0.741492, -0.676715, -0.586383, 0.723501, 0.734725, 0.800708, -0.987130, 0.055239
-0.727360, -0.656687, -0.586165, 0.727451, 0.736496, 0.806319, -0.984629, 0.052035
-0.737318, -0.659414, -0.594694, 0.725340, 0.731877, 0.799249, -0.970662, 0.050334
-0.731351, -0.655161, -0.588854, 0.723924, 0.727950, 0.796016, -0.987234, 0.028600
-0.749411, -0.678717, -0.630524, 0.719792, 0.712385, 0.765744, -0.993191, 0.020257
-0.745736, -0.672602, -0.640582, 0.720462, 0.708861, 0.759098, -0.975639, -0.002654
-0.753137, -0.686439, -0.670733, 0.711205, 0.682772, 0.719968, -0.975327, 0.003812
-0.744490, -0.670811, -0.657934, 0.716233, 0.692129, 0.735884, -0.994349, -0.003310
-0.760716, -0.685440, -0.678018, 0.715136, 0.688480, 0.725324, -0.963459, -0.026347
-0.753612, -0.693550, -0.696889, 0.703982, 0.658459, 0.682676, -0.986788, -0.027623
-0.759992, -0.693385, -0.707529, 0.708632, 0.664136, 0.687811, -0.970325, -0.025833
-0.752736, -0.685629, -0.696790, 0.706621, 0.661664, 0.687340, -0.990782, -0.042461
-0.770771, -0.708321, -0.731222, 0.703751, 0.649587, 0.662694, -0.976145, -0.060044
-0.763176, -0.710846, -0.744237, 0.695917, 0.627216, 0.629745, -0.977416, -0.060735
-0.763687, -0.708394, -0.746008, 0.695711, 0.625286, 0.627705, -0.976278, -0.064671
-0.765701, -0.711651, -0.751088, 0.694098, 0.620616, 0.620220, -0.966443, -0.091933
-0.773366, -0.734223, -0.786390, 0.682752, 0.588157, 0.568316, -0.972480, -0.105183
-0.771557, -0.737354, -0.799254, 0.675525, 0.568180, 0.537634, -0.958733, -0.121390
-0.773158, -0.747587, -0.815810, 0.664503, 0.541025, 0.497095, -0.958931, -0.126559
-0.771285, -0.747877, -0.819024, 0.656924, 0.525593, 0.475566, -0.967144, -0.128735
-0.774671, -0.750792, -0.824141, 0.653346, 0.518559, 0.465584, -0.955173, -0.151023
-0.779408, -0.769115, -0.849620, 0.640723, 0.485529, 0.413143, -0.953768, -0.166614
-0.778322, -0.776628, -0.862613, 0.621637, 0.447009, 0.357245, -0.946536, -0.186656
-0.782256, -0.791953, -0.883662, 0.594278, 0.393456, 0.279354, -0.961424, -0.191001
-0.781965, -0.792368, -0.886252, 0.561310, 0.344575, 0.218098, -0.976554, -0.190294
-0.785599, -0.793572, -0.888900, 0.527719, 0.299818, 0.166848, -0.972201, -0.193666
-0.784754, -0.795345, -0.890992, 0.487515, 0.244623, 0.099356, -0.957349, -0.209164
-0.786981, -0.807949, -0.906430, 0.419748, 0.146129, -0.028794, -0.944811, -0.229468
-0.787554, -0.821492, -0.923192, 0.275375, -0.043182, -0.261270, -0.964082, -0.223908
-0.785162, -0.813759, -0.914539, -0.029615, -0.364625, -0.582429, -0.946711, -0.243157
-0.792222, -0.833468, -0.938105, -0.482039, -0.794270, -0.992623, -0.954698, -0.234776
-0.782231, -0.818298, -0.919462, -0.638854, -0.817717, -0.910770, -0.951424, -0.260404
-0.800110, -0.850362, -0.959148, -0.655630, -0.848569, -0.963155, -0.948118, -0.264710
-0.786333, -0.840423, -0.945875, -0.650392, -0.834397, -0.943503, -0.951919, -0.289006
-0.804272, -0.870926, -0.982757, -0.660407, -0.863124, -0.988585, -0.950027, -0.287642
-0.788943, -0.855904, -0.963193, -0.653768, -0.845588, -0.963155, -0.939107, -0.327797
-0.812382, -0.902536, -1.017904, -0.667082, -0.885733, -1.031253, -0.925925, -0.313564
-0.781856, -0.865984, -0.970262, -0.651560, -0.845532, -0.973010, -0.918989, -0.315829
-0.799671, -0.884736, -0.993152, -0.660157, -0.868332, -1.008001, -0.934966, -0.362064
-0.815105, -0.925229, -1.041420, -0.669733, -0.896741, -1.053245, -0.924504, -0.323931
-0.777866, -0.867619, -0.969242, -0.650915, -0.845732, -0.975085, -0.895660, -0.351611
-0.810264, -0.917624, -1.029263, -0.666568, -0.891457, -1.053575, -0.918231, -0.366513
-0.799569, -0.913740, -1.022324, -0.661639, -0.878583, -1.030851, -0.920561, -0.371484
-0.805802, -0.922136, -1.030930, -0.666975, -0.892240, -1.051301, -0.914106, -0.379903
-0.804207, -0.925873, -1.034402, -0.664681, -0.888224, -1.048426, -0.926234, -0.394396
-0.812778, -0.941235, -1.051300, -0.670936, -0.904812, -1.071644, -0.922668, -0.411106
-0.812682, -0.950696, -1.059719, -0.670315, -0.905944, -1.076925, -0.905175, -0.428442
-0.813336, -0.962236, -1.068774, -0.671571, -0.912773, -1.093907, -0.921879, -0.409235
-0.804975, -0.940982, -1.045260, -0.666349, -0.896382, -1.062020, -0.916227, -0.435658
-0.824574, -0.976230, -1.086661, -0.677840, -0.928329, -1.115061, -0.910355, -0.436498
-0.807533, -0.959712, -1.062847, -0.667170, -0.903265, -1.079413, -0.903779, -0.462018
-0.827072, -0.993730, -1.100273, -0.680024, -0.938379, -1.136520, -0.920793, -0.451387
-0.811048, -0.969346, -1.071201, -0.668433, -0.908249, -1.085584, -0.899633, -0.476217
-0.829014, -1.003358, -1.108853, -0.681687, -0.944764, -1.149219, -0.904072, -0.474398
-0.814318, -0.986153, -1.085543, -0.669262, -0.914787, -1.102737, -0.923640, -0.485351
-0.833030, -1.009154, -1.113690, -0.684446, -0.951323, -1.153157, -0.893688, -0.509202
-0.825371, -1.016739, -1.116107, -0.674728, -0.933584, -1.138553, -0.903751, -0.510084
-0.827653, -1.017478, -1.114396, -0.680742, -0.947479, -1.155607, -0.889752, -0.526955
-0.832071, -1.031857, -1.129392, -0.678663, -0.945934, -1.159672, -0.894751, -0.529640
-0.828774, -1.028784, -1.123018, -0.679714, -0.948639, -1.162180, -0.889881, -0.523795
-0.827206, -1.024174, -1.119219, -0.676932, -0.941462, -1.152245, -0.888791, -0.559753
-0.845017, -1.061949, -1.157572, -0.687702, -0.972433, -1.203165, -0.895399, -0.552031
-0.827340, -1.036969, -1.125992, -0.675399, -0.942272, -1.155099, -0.871424, -0.554478
-0.835643, -1.049285, -1.141432, -0.683498, -0.962852, -1.192989, -0.881688, -0.545102
-0.827606, -1.035015, -1.125498, -0.674640, -0.940114, -1.154528, -0.869755, -0.581737
-0.848073, -1.076872, -1.168630, -0.690164, -0.982894, -1.226561, -0.866686, -0.579875
-0.829205, -1.054125, -1.137494, -0.672891, -0.942524, -1.166379, -0.881170, -0.594774
-0.851358, -1.083549, -1.172200, -0.692965, -0.990869, -1.236328, -0.874051, -0.596546
-0.836214, -1.068314, -1.151728, -0.675116, -0.949905, -1.177481, -0.850379, -0.629144
-0.854605, -1.106175, -1.188154, -0.693946, -1.000346, -1.263347, -0.858855, -0.630499
-0.841856, -1.089716, -1.165611, -0.675093, -0.956212, -1.194174, -0.858805, -0.628101
-0.849490, -1.096544, -1.176564, -0.691587, -0.994099, -1.250998, -0.846815, -0.628579
-0.842879, -1.091135, -1.168882, -0.675731, -0.957967, -1.200266, -0.844132, -0.634011
-0.848102, -1.099523, -1.177081, -0.689631, -0.991365, -1.251494, -0.854819, -0.643681
-0.851189, -1.106042, -1.182653, -0.680578, -0.971057, -1.218923, -0.818324, -0.650583
-0.844355, -1.104458, -1.177208, -0.684809, -0.984358, -1.250318, -0.850797, -0.661065
-0.858299, -1.121123, -1.194671, -0.685137, -0.984604, -1.241662, -0.847234, -0.677804
-0.857261, -1.127319, -1.198052, -0.689678, -0.997807, -1.265095, -0.851011, -0.674850
-0.855413, -1.122528, -1.192127, -0.683882, -0.983769, -1.242305, -0.815834, -0.688706
-0.856710, -1.133533, -1.201176, -0.687524, -0.996578, -1.273387, -0.829667, -0.697400
-0.860111, -1.138957, -1.203421, -0.684618, -0.990242, -1.259907, -0.834161, -0.710532
-0.865361, -1.149257, -1.213419, -0.691330, -1.007484, -1.286303, -0.820745, -0.728380
-0.866653, -1.159216, -1.218399, -0.686251, -0.999201, -1.279523, -0.810368, -0.726371
-0.861323, -1.151271, -1.208937, -0.686743, -1.000815, -1.284445, -0.817918, -0.718165
-0.862857, -1.148814, -1.209757, -0.685035, -0.995150, -1.272655, -0.811152, -0.727658
-0.865686, -1.157836, -1.217232, -0.688886, -1.005921, -1.292098, -0.813282, -0.749306
-0.872931, -1.174467, -1.229185, -0.688995, -1.009212, -1.298395, -0.802436, -0.750991
-0.865999, -1.165871, -1.218249, -0.686212, -1.003791, -1.293516, -0.817347, -0.756445
-0.875884, -1.178130, -1.232404, -0.691294, -1.015401, -1.307003, -0.811700, -0.765289
-0.872719, -1.178553, -1.229317, -0.688219, -1.009901, -1.301494, -0.782770, -0.757924
-0.864937, -1.167980, -1.218396, -0.684129, -1.001444, -1.296341, -0.789247, -0.774819
-0.878720, -1.191117, -1.240486, -0.690973, -1.019325, -1.322649, -0.794940, -0.796463
-0.880107, -1.199555, -1.242266, -0.689070, -1.017598, -1.320448, -0.785663, -0.787084
-0.872600, -1.185211, -1.229568, -0.686402, -1.010772, -1.312008, -0.789899, -0.805664
-0.887455, -1.211268, -1.254659, -0.693518, -1.029652, -1.341021, -0.763914, -0.805729
-0.871838, -1.193289, -1.230935, -0.681531, -1.003828, -1.309512, -0.774784, -0.800656
-0.881294, -1.200793, -1.243872, -0.691787, -1.026119, -1.339245, -0.778792, -0.830548
-0.890436, -1.224585, -1.260317, -0.689830, -1.025432, -1.339927, -0.770139, -0.831699
-0.881784, -1.211726, -1.244254, -0.688809, -1.023929, -1.340310, -0.771722, -0.819065
-0.882664, -1.207383, -1.246130, -0.686622, -1.016963, -1.327925, -0.751223, -0.830703
-0.883932, -1.217561, -1.251867, -0.689166, -1.026147, -1.349194, -0.751922, -0.827647
-0.880226, -1.209848, -1.243181, -0.683471, -1.012408, -1.327334, -0.766059, -0.829116
-0.886886, -1.217263, -1.253416, -0.692027, -1.031402, -1.352249, -0.745867, -0.861022
-0.893475, -1.239950, -1.266535, -0.687971, -1.028013, -1.356170, -0.753001, -0.859904
-0.888119, -1.227869, -1.253062, -0.688810, -1.029274, -1.355380, -0.747282, -0.868235
-0.895987, -1.241264, -1.268335, -0.689557, -1.032629, -1.363118, -0.748740, -0.867849
-0.889982, -1.233592, -1.257099, -0.687787, -1.028349, -1.355956, -0.736995, -0.867361
-0.891915, -1.236007, -1.261917, -0.687851, -1.029412, -1.361141, -0.725277, -0.869124
-0.888895, -1.234713, -1.258027, -0.685288, -1.024687, -1.357391, -0.745988, -0.891163
-0.904354, -1.259166, -1.279047, -0.694534, -1.047503, -1.387680, -0.726907, -0.898732
-0.894566, -1.249041, -1.263872, -0.683790, -1.025157, -1.360186, -0.720679, -0.893782
-0.897302, -1.249906, -1.268886, -0.690586, -1.040867, -1.385414, -0.708660, -0.884242
-0.889026, -1.238721, -1.257862, -0.679573, -1.014964, -1.348484, -0.699739, -0.892895
-0.896272, -1.252256, -1.270213, -0.690901, -1.043452, -1.395448, -0.703534, -0.905879
-0.897654, -1.257184, -1.269777, -0.680891, -1.021388, -1.361283, -0.692066, -0.901703
-0.893118, -1.248831, -1.263515, -0.688126, -1.038863, -1.391379, -0.693676, -0.926745
-0.907808, -1.277099, -1.286079, -0.685036, -1.034747, -1.386327, -0.705135, -0.920803
